0.05,"{6.707908459490166*^-7, 2.3432908868596523*^-6, 8.105295683305573*^-6, 0.000027624087065902328, 0.00009231688136667143, 0.0003010775129105172, 0.0009537769996968531, 0.0029214026838519573, 0.00861273258155933, 0.02432791315643594, 0.06551865788958045, 0.16728171850566445, 0.4019023893644205, 0.8991087965603956, 1.8457630682017971, 3.4164972189478355, 5.617128291504935, 8.171738505045665, 10.644996502114408, 12.704873994531422, 14.240798494681915, 15.296776275870686, 15.966772578712781, 16.334107218915207, 16.450791347262847, 16.33410721891521, 15.966772578712769, 15.296776275870686, 14.240798494681899, 12.704873994531424, 10.644996502114408, 8.17173850504565, 5.617128291504936, 3.4164972189478258, 1.8457630682017914, 0.8991087965603896, 0.40190238936442046, 0.16728171850566442, 0.06551865788958045, 0.024327913156435944, 0.00861273258155933, 0.002921402683851947, 0.0009537769996968532, 0.0003010775129105172, 0.00009231688136667143, 0.000027624087065902185, 8.105295683305536*^-6, 2.343290886859642*^-6, 6.707908459490165*^-7, 1.9107136757378677*^-7, 5.442570739022151*^-8, 1.557990976241154*^-8, 4.504245346977511*^-9, 1.3216064568071839*^-9, 3.9546336591503365*^-10, 1.2125519151351724*^-10, 3.8274061263264996*^-11, 1.249331700143693*^-11, 4.235360591934629*^-12, 1.4971643604853638*^-12, 5.537134582344468*^-13, 2.147475456594204*^-13, 8.7363381558958*^-14, 3.7175067230571974*^-14, 1.6436016803933814*^-14, 7.485756658858578*^-15, 3.5001871349318372*^-15, 1.7015194733362612*^-15, 8.89247446795357*^-16, 5.212001344186985*^-16, 3.5146014230248586*^-16, 2.708650080718458*^-16, 2.3186702681925574*^-16, 2.139728985791827*^-16, 2.0876939535745383*^-16, 2.1397289860435584*^-16, 2.31867026827947*^-16, 2.708650080653907*^-16, 3.5146014230044163*^-16, 5.212001344264534*^-16, 8.892474467878758*^-16, 1.701519473364258*^-15, 3.5001871349151504*^-15, 7.485756658857272*^-15, 1.6436016803935676*^-14, 3.7175067230579667*^-14, 8.736338155895937*^-14, 2.1474754565941986*^-13, 5.537134582344496*^-13, 1.497164360485356*^-12, 4.235360591934636*^-12, 1.2493317001436949*^-11, 3.827406126326539*^-11, 1.212551915135181*^-10, 3.9546336591503365*^-10, 1.3216064568071946*^-9, 4.504245346977529*^-9, 1.5579909762411473*^-8, 5.4425707390221736*^-8, 1.9107136757378582*^-7}","{5.442570739022176*^-8, 1.557990976241148*^-8, 4.504245346977531*^-9, 1.321606456807173*^-9, 3.954633659150337*^-10, 1.212551915135163*^-10, 3.8274061263265416*^-11, 1.2493317001436956*^-11, 4.235360591934638*^-12, 1.4971643604853565*^-12, 5.537134582344494*^-13, 2.1474754565941986*^-13, 8.736338155895841*^-14, 3.7175067230572914*^-14, 1.64360168039351*^-14, 7.485756658853776*^-15, 3.5001871349212207*^-15, 1.7015194733370063*^-15, 8.892474468026005*^-16, 5.212001344349841*^-16, 3.514601423180577*^-16, 2.708650080721264*^-16, 2.318670268012717*^-16, 2.139728985912423*^-16, 2.0876939535236656*^-16, 2.1397289859124201*^-16, 2.3186702680127237*^-16, 2.708650080721139*^-16, 3.5146014231805926*^-16, 5.212001344349717*^-16, 8.892474468025883*^-16, 1.7015194733369964*^-15, 3.5001871349212448*^-15, 7.485756658853823*^-15, 1.6436016803935187*^-14, 3.717506723057309*^-14, 8.736338155895899*^-14, 2.1474754565942097*^-13, 5.537134582344464*^-13, 1.4971643604853644*^-12, 4.2353605919346306*^-12, 1.2493317001437023*^-11, 3.827406126326501*^-11, 1.2125519151351783*^-10, 3.954633659150351*^-10, 1.3216064568071907*^-9, 4.504245346977554*^-9, 1.5579909762411688*^-8, 5.4425707390221544*^-8, 1.9107136757378683*^-7, 6.707908459490169*^-7, 2.3432908868596633*^-6, 8.105295683305608*^-6, 0.00002762408706590234, 0.00009231688136667188, 0.00030107751291051865, 0.0009537769996968604, 0.0029214026838519846, 0.008612732581559333, 0.024327913156435954, 0.06551865788958049, 0.16728171850566453, 0.40190238936442063, 0.899108796560396, 1.8457630682017985, 3.416497218947837, 5.6171282915049385, 8.171738505045667, 10.644996502114429, 12.704873994531441, 14.240798494681917, 15.296776275870686, 15.96677257871277, 16.33410721891521, 16.45079134726285, 16.33410721891521, 15.96677257871277, 15.296776275870686, 14.2407984946819, 12.70487399453141, 10.644996502114394, 8.171738505045631, 5.617128291504909, 3.416497218947817, 1.8457630682017983, 0.8991087965603961, 0.40190238936442063, 0.16728171850566453, 0.06551865788958049, 0.024327913156435954, 0.008612732581559333, 0.002921402683851948, 0.0009537769996968483, 0.00030107751291051497, 0.00009231688136667073, 0.000027624087065901975, 8.105295683305608*^-6, 2.3432908868596633*^-6, 6.70790845949017*^-7, 1.9107136757378685*^-7}","{9.63508210207098, 9.635081315051314, 9.635078544517494, 9.635069142792528, 9.635037977218348, 9.63493740605557, 9.634622965426987, 9.633675053654384, 9.630933232017226, 9.623362378989627, 9.603518567903064, 9.55449379392585, 9.441464318499012, 9.201933082062988, 8.745878484049026, 7.989170831461945, 6.929007739996747, 5.698313738058066, 4.50681150178516, 3.5144570278192644, 2.774519067911885, 2.2657974184793894, 1.9430239374769762, 1.7660589601958243, 1.7098459003255881, 1.7660589601958243, 1.9430239374769815, 2.2657974184793894, 2.774519067911893, 3.514457027819264, 4.50681150178516, 5.698313738058073, 6.929007739996747, 7.98917083146195, 8.74587848404903, 9.201933082062993, 9.441464318499012, 9.554493793925849, 9.603518567903064, 9.623362378989627, 9.630933232017226, 9.633675053654386, 9.634622965426987, 9.63493740605557, 9.635037977218346, 9.635069142792528, 9.635078544517494, 9.635081315051313, 9.63508210207098, 9.635082267348206, 9.63508210207098, 9.635081315051314, 9.635078544517494, 9.635069142792528, 9.635037977218348, 9.63493740605557, 9.634622965426987, 9.633675053654384, 9.630933232017226, 9.623362378989627, 9.603518567903064, 9.554493793925849, 9.441464318499014, 9.20193308206299, 8.745878484049028, 7.989170831461943, 6.929007739996747, 5.698313738058064, 4.50681150178515, 3.514457027819256, 2.7745190679118847, 2.2657974184793894, 1.943023937476981, 1.7660589601958234, 1.7098459003255875, 1.7660589601958234, 1.9430239374769813, 2.2657974184793894, 2.7745190679118923, 3.5144570278192715, 4.506811501785167, 5.698313738058081, 6.92900773999676, 7.989170831461955, 8.745878484049026, 9.20193308206299, 9.441464318499014, 9.554493793925849, 9.603518567903064, 9.623362378989627, 9.630933232017226, 9.633675053654386, 9.634622965426987, 9.63493740605557, 9.635037977218346, 9.635069142792528, 9.635078544517494, 9.635081315051313, 9.63508210207098, 9.635082267348206}","{9.635082102070875, 9.635081315051208, 9.63507854451739, 9.635069142792425, 9.635037977218241, 9.634937406055466, 9.634622965426882, 9.63367505365428, 9.63093323201712, 9.623362378989523, 9.60351856790296, 9.554493793925745, 9.44146431849891, 9.201933082062888, 8.74587848404893, 7.989170831461858, 6.929007739996672, 5.698313738058003, 4.506811501785111, 3.5144570278192266, 2.7745190679118554, 2.265797418479365, 1.943023937476955, 1.766058960195805, 1.7098459003255697, 1.766058960195805, 1.9430239374769604, 2.265797418479365, 2.774519067911863, 3.5144570278192258, 4.506811501785111, 5.698313738058011, 6.929007739996671, 7.989170831461863, 8.745878484048934, 9.201933082062892, 9.441464318498909, 9.554493793925745, 9.603518567902961, 9.623362378989523, 9.63093323201712, 9.63367505365428, 9.634622965426882, 9.634937406055466, 9.635037977218243, 9.635069142792425, 9.63507854451739, 9.635081315051208, 9.635082102070875, 9.635082267348102, 9.635082102070875, 9.635081315051208, 9.63507854451739, 9.635069142792423, 9.635037977218241, 9.634937406055466, 9.634622965426882, 9.63367505365428, 9.63093323201712, 9.623362378989523, 9.60351856790296, 9.554493793925745, 9.44146431849891, 9.201933082062888, 8.745878484048932, 7.989170831461857, 6.929007739996671, 5.698313738058002, 4.506811501785101, 3.5144570278192173, 2.774519067911855, 2.2657974184793646, 1.94302393747696, 1.7660589601958043, 1.7098459003255686, 1.766058960195804, 1.94302393747696, 2.265797418479364, 2.7745190679118616, 3.514457027819233, 4.506811501785118, 5.698313738058019, 6.929007739996685, 7.989170831461867, 8.745878484048932, 9.201933082062888, 9.44146431849891, 9.554493793925745, 9.60351856790296, 9.623362378989523, 9.630933232017119, 9.63367505365428, 9.634622965426882, 9.634937406055466, 9.635037977218243, 9.635069142792423, 9.63507854451739, 9.635081315051208, 9.635082102070875, 9.6350822673481}"
0.089,"{0.0030899938392837134, 0.006238612344661543, 0.012523691806155727, 0.02492488115834921, 0.04903301619319096, 0.09504173745802186, 0.1808741233849334, 0.33658134105765986, 0.609374426277012, 1.0667437949955232, 1.7919319272545355, 2.8636688279305518, 4.317127315711969, 6.101757459706318, 8.071654169791572, 10.030964434614535, 11.80744648752389, 13.301344924789625, 14.487584360228654, 15.389646915742405, 16.051032907820144, 16.516429068135253, 16.82275638217785, 16.99628708924607, 17.052444401837217, 16.99628708924607, 16.82275638217785, 16.516429068135253, 16.051032907820137, 15.389646915742405, 14.487584360228652, 13.301344924789618, 11.80744648752389, 10.030964434614535, 8.071654169791563, 6.101757459706302, 4.317127315711969, 2.8636688279305518, 1.7919319272545358, 1.066743794995523, 0.6093744262770119, 0.3365813410576593, 0.18087412338493342, 0.09504173745802187, 0.04903301619319096, 0.024924881158349156, 0.012523691806155694, 0.0062386123446615295, 0.0030899938392837134, 0.0015260721657838702, 0.000753629950239622, 0.00037317067817425583, 0.00018577967262216701, 0.00009323144305481704, 0.00004727809258216594, 0.00002427894606424739, 0.000012647791938774435, 6.6903745887477404*^-6, 3.593535751016124*^-6, 1.9571004769061*^-6, 1.077528813470004*^-6, 5.972217079466683*^-7, 3.318020561353839*^-7, 1.8436884486168875*^-7, 1.0266457276198259*^-7, 5.7701394541267495*^-8, 3.3105892339079284*^-8, 1.9647277890038467*^-8, 1.2215483092526174*^-8, 8.04382161942888*^-9, 5.658310258560034*^-9, 4.27913386253444*^-9, 3.494834300413185*^-9, 3.0916156535193714*^-9, 2.9672906117638407*^-9, 3.0916156535193714*^-9, 3.4948343004131855*^-9, 4.27913386253444*^-9, 5.658310258560052*^-9, 8.043821619428914*^-9, 1.221548309252625*^-8, 1.9647277890038547*^-8, 3.3105892339079356*^-8, 5.770139454126761*^-8, 1.026645727619824*^-7, 1.843688448616884*^-7, 3.318020561353833*^-7, 5.972217079466666*^-7, 1.077528813470007*^-6, 1.957100476906096*^-6, 3.593535751016127*^-6, 6.690374588747754*^-6, 0.000012647791938774516, 0.000024278946064247495, 0.000047278092582165936, 0.00009323144305481746, 0.0001857796726221674, 0.00037317067817425485, 0.0007536299502396238, 0.001526072165783866}","{0.0007536299502396245, 0.00037317067817425523, 0.00018577967262216756, 0.00009323144305481666, 0.000047278092582165984, 0.000024278946064247298, 0.000012647791938774527, 6.6903745887477625*^-6, 3.59353575101613*^-6, 1.9571004769060986*^-6, 1.077528813470008*^-6, 5.972217079466675*^-7, 3.3180205613538375*^-7, 1.8436884486168862*^-7, 1.0266457276198254*^-7, 5.770139454126753*^-8, 3.3105892339079304*^-8, 1.9647277890038494*^-8, 1.2215483092526255*^-8, 8.043821619428916*^-9, 5.658310258560053*^-9, 4.2791338625344484*^-9, 3.494834300413191*^-9, 3.0916156535193764*^-9, 2.9672906117638465*^-9, 3.0916156535193764*^-9, 3.4948343004131913*^-9, 4.279133862534448*^-9, 5.658310258560071*^-9, 8.043821619428916*^-9, 1.2215483092526232*^-8, 1.964727789003859*^-8, 3.310589233907937*^-8, 5.770139454126773*^-8, 1.0266457276198278*^-7, 1.8436884486168915*^-7, 3.3180205613538433*^-7, 5.97221707946669*^-7, 1.0775288134700051*^-6, 1.957100476906102*^-6, 3.5935357510161273*^-6, 6.690374588747774*^-6, 0.00001264779193877445, 0.00002427894606424748, 0.0000472780925821661, 0.00009323144305481735, 0.00018577967262216804, 0.00037317067817425794, 0.0007536299502396228, 0.001526072165783872, 0.003089993839283716, 0.006238612344661567, 0.012523691806155765, 0.024924881158349232, 0.04903301619319114, 0.09504173745802222, 0.1808741233849344, 0.33658134105766196, 0.6093744262770124, 1.066743794995524, 1.7919319272545366, 2.8636688279305544, 4.317127315711972, 6.101757459706322, 8.071654169791577, 10.030964434614548, 11.807446487523906, 13.301344924789628, 14.487584360228663, 15.389646915742413, 16.051032907820144, 16.516429068135256, 16.822756382177854, 16.996287089246074, 17.05244440183722, 16.996287089246074, 16.822756382177854, 16.516429068135256, 16.05103290782014, 15.3896469157424, 14.487584360228649, 13.301344924789614, 11.807446487523887, 10.03096443461453, 8.071654169791577, 6.101757459706322, 4.317127315711972, 2.863668827930555, 1.7919319272545369, 1.066743794995524, 0.6093744262770125, 0.3365813410576596, 0.18087412338493314, 0.09504173745802154, 0.049033016193190816, 0.024924881158349066, 0.012523691806155767, 0.006238612344661567, 0.0030899938392837155, 0.0015260721657838722}","{9.57714378174077, 9.57581797399605, 9.57289749078017, 9.567002276541423, 9.555477713052426, 9.53345288666338, 9.492349101893307, 9.417776102542389, 9.287123546531788, 9.068067621443278, 8.720739742174686, 8.207432404459897, 7.511299702033512, 6.656552531991995, 5.713072050532269, 4.774661921325857, 3.9238172144360153, 3.2083157084996987, 2.6401672429720344, 2.20812507487791, 1.891354761656756, 1.6684536277717452, 1.5217383956964776, 1.4386259966428772, 1.4117294948466237, 1.4386259966428772, 1.5217383956964776, 1.6684536277717454, 1.8913547616567592, 2.20812507487791, 2.6401672429720344, 3.208315708499702, 3.9238172144360157, 4.774661921325857, 5.713072050532273, 6.656552531992002, 7.511299702033512, 8.207432404459897, 8.720739742174686, 9.068067621443278, 9.287123546531788, 9.417776102542389, 9.492349101893307, 9.53345288666338, 9.555477713052424, 9.567002276541423, 9.57289749078017, 9.57581797399605, 9.57714378174077, 9.577522860220977, 9.57714378174077, 9.57581797399605, 9.57289749078017, 9.567002276541423, 9.555477713052426, 9.53345288666338, 9.492349101893305, 9.417776102542387, 9.287123546531786, 9.068067621443278, 8.720739742174684, 8.207432404459896, 7.511299702033511, 6.656552531991993, 5.713072050532267, 4.77466192132585, 3.923817214436009, 3.208315708499697, 2.640167242972029, 2.2081250748779055, 1.8913547616567548, 1.6684536277717439, 1.5217383956964767, 1.4386259966428763, 1.4117294948466228, 1.438625996642876, 1.5217383956964767, 1.6684536277717439, 1.8913547616567576, 2.2081250748779113, 2.6401672429720358, 3.208315708499704, 3.9238172144360175, 4.774661921325859, 5.713072050532267, 6.656552531991992, 7.511299702033511, 8.207432404459896, 8.720739742174686, 9.068067621443278, 9.287123546531786, 9.417776102542389, 9.492349101893307, 9.53345288666338, 9.555477713052424, 9.567002276541423, 9.57289749078017, 9.57581797399605, 9.57714378174077, 9.577522860220977}","{9.57714378174077, 9.575817973996053, 9.57289749078017, 9.567002276541425, 9.555477713052426, 9.53345288666338, 9.492349101893307, 9.417776102542389, 9.287123546531788, 9.06806762144328, 8.720739742174688, 8.207432404459897, 7.511299702033513, 6.656552531991995, 5.713072050532269, 4.774661921325857, 3.9238172144360157, 3.2083157084996987, 2.6401672429720344, 2.2081250748779104, 1.8913547616567563, 1.6684536277717452, 1.521738395696478, 1.4386259966428772, 1.411729494846624, 1.4386259966428772, 1.521738395696478, 1.6684536277717454, 1.8913547616567592, 2.2081250748779104, 2.640167242972035, 3.2083157084997023, 3.923817214436016, 4.774661921325858, 5.713072050532274, 6.656552531992002, 7.511299702033513, 8.207432404459897, 8.720739742174688, 9.068067621443278, 9.287123546531788, 9.417776102542389, 9.492349101893307, 9.53345288666338, 9.555477713052426, 9.567002276541423, 9.57289749078017, 9.57581797399605, 9.57714378174077, 9.577522860220977, 9.57714378174077, 9.57581797399605, 9.572897490780171, 9.567002276541425, 9.555477713052426, 9.53345288666338, 9.492349101893307, 9.417776102542387, 9.287123546531788, 9.068067621443278, 8.720739742174684, 8.207432404459896, 7.5112997020335115, 6.656552531991994, 5.7130720505322685, 4.774661921325851, 3.9238172144360095, 3.2083157084996965, 2.6401672429720295, 2.208125074877906, 1.891354761656755, 1.668453627771744, 1.521738395696477, 1.4386259966428763, 1.4117294948466226, 1.4386259966428763, 1.521738395696477, 1.668453627771744, 1.891354761656758, 2.2081250748779118, 2.640167242972036, 3.208315708499704, 3.9238172144360184, 4.77466192132586, 5.7130720505322685, 6.656552531991993, 7.511299702033511, 8.207432404459896, 8.720739742174686, 9.06806762144328, 9.287123546531788, 9.417776102542389, 9.492349101893307, 9.53345288666338, 9.555477713052426, 9.567002276541423, 9.57289749078017, 9.57581797399605, 9.57714378174077, 9.577522860220977}"
0.128,"{0.09715101510519514, 0.15798936346043274, 0.25538932432513634, 0.40920051492466275, 0.6476972471114696, 1.008749909969604, 1.5386447265205088, 2.286226817995297, 3.2904130660903594, 4.562147906401099, 6.067758228567601, 7.725199354203758, 9.420582273723578, 11.039019677038944, 12.493171103227082, 13.736154189778677, 14.757960257489732, 15.573246403325067, 16.208597705476606, 16.693299187083714, 17.05411834415935, 17.31303395024667, 17.486656116324884, 17.586411235853223, 17.61893847128651, 17.586411235853223, 17.48665611632488, 17.31303395024667, 17.05411834415935, 16.693299187083714, 16.208597705476606, 15.573246403325065, 14.757960257489732, 13.736154189778674, 12.493171103227079, 11.039019677038933, 9.420582273723578, 7.725199354203759, 6.067758228567602, 4.5621479064010995, 3.290413066090359, 2.2862268179952947, 1.5386447265205088, 1.008749909969604, 0.6476972471114696, 0.4092005149246621, 0.2553893243251359, 0.1579893634604325, 0.09715101510519514, 0.05952796152559337, 0.036421700222495246, 0.022291288155211624, 0.013666616434494655, 0.00840163059533978, 0.005181180048060459, 0.003204387596754837, 0.00198547033281684, 0.0012302985975073152, 0.0007606931030763079, 0.00046832361209044217, 0.0002867899124711868, 0.00017485370573306204, 0.00010651359763983483, 0.0000652142093663084, 0.000040439304915235195, 0.00002560833984491271, 0.00001669319752087237, 0.000011281253181446737, 7.95097688079026*^-6, 5.872379370788256*^-6, 4.562133564656634*^-6, 3.7386773917733632*^-6, 3.238649607178527*^-6, 2.9697253266806624*^-6, 2.884884765193643*^-6, 2.969725326680662*^-6, 3.2386496071785248*^-6, 3.7386773917733632*^-6, 4.5621335646566455*^-6, 5.872379370788269*^-6, 7.950976880790285*^-6, 0.00001128125318144677, 0.000016693197520872404, 0.000025608339844912776, 0.00004043930491523517, 0.00006521420936630834, 0.00010651359763983473, 0.00017485370573306188, 0.00028678991247118733, 0.0004683236120904413, 0.0007606931030763087, 0.0012302985975073176, 0.001985470332816849, 0.0032043875967548473, 0.00518118004806046, 0.008401630595339809, 0.013666616434494676, 0.022291288155211586, 0.03642170022249531, 0.059527961525593275}","{0.036421700222495336, 0.022291288155211596, 0.013666616434494686, 0.008401630595339755, 0.005181180048060463, 0.0032043875967548287, 0.0019854703328168505, 0.0012302985975073185, 0.0007606931030763093, 0.0004683236120904418, 0.00028678991247118755, 0.00017485370573306204, 0.00010651359763983483, 0.0000652142093663084, 0.0000404393049152352, 0.000025608339844912732, 0.00001669319752087238, 0.000011281253181446749, 7.950976880790288*^-6, 5.87237937078827*^-6, 4.562133564656647*^-6, 3.7386773917733645*^-6, 3.238649607178526*^-6, 2.969725326680666*^-6, 2.8848847651936464*^-6, 2.9697253266806662*^-6, 3.238649607178531*^-6, 3.738677391773368*^-6, 4.562133564656654*^-6, 5.87237937078827*^-6, 7.950976880790283*^-6, 0.000011281253181446785, 0.000016693197520872414, 0.000025608339844912817, 0.000040439304915235256, 0.00006521420936630853, 0.00010651359763983492, 0.0001748537057330622, 0.000286789912471187, 0.00046832361209044255, 0.0007606931030763086, 0.0012302985975073204, 0.0019854703328168427, 0.0032043875967548443, 0.005181180048060473, 0.0084016305953398, 0.013666616434494714, 0.022291288155211714, 0.036421700222495274, 0.059527961525593406, 0.09715101510519521, 0.1579893634604331, 0.25538932432513695, 0.409200514924663, 0.647697247111471, 1.0087499099696062, 1.5386447265205143, 2.2862268179953054, 3.2904130660903603, 4.562147906401101, 6.0677582285676035, 7.725199354203761, 9.42058227372358, 11.039019677038947, 12.493171103227088, 13.736154189778684, 14.757960257489737, 15.573246403325072, 16.208597705476613, 16.69329918708372, 17.054118344159352, 17.31303395024667, 17.48665611632488, 17.586411235853223, 17.61893847128651, 17.586411235853223, 17.48665611632488, 17.31303395024667, 17.05411834415935, 16.693299187083714, 16.208597705476606, 15.573246403325063, 14.757960257489728, 13.736154189778672, 12.493171103227086, 11.039019677038947, 9.420582273723582, 7.725199354203761, 6.067758228567603, 4.562147906401101, 3.2904130660903608, 2.286226817995296, 1.5386447265205072, 1.008749909969602, 0.6476972471114678, 0.40920051492466103, 0.25538932432513695, 0.1579893634604331, 0.09715101510519521, 0.05952796152559341}","{9.439946023496764, 9.417751776332485, 9.375568351717126, 9.304983533680163, 9.193187116163278, 9.022564749775556, 8.771353403030647, 8.416483062721692, 7.939546228873098, 7.335393900699842, 6.62005810822398, 5.832543681639092, 5.026979707142221, 4.2579651457018555, 3.567006630476672, 2.9763844177595535, 2.4908562536364682, 2.1034586601161704, 1.801559859959587, 1.5712448598607998, 1.399794757153306, 1.2767660143551844, 1.1942660694712741, 1.146865477920982, 1.131409525952689, 1.1468654779209817, 1.1942660694712752, 1.2767660143551858, 1.399794757153307, 1.5712448598607998, 1.801559859959587, 2.1034586601161718, 2.4908562536364682, 2.976384417759555, 3.5670066304766737, 4.257965145701859, 5.026979707142221, 5.832543681639092, 6.620058108223979, 7.335393900699842, 7.939546228873097, 8.416483062721696, 8.771353403030647, 9.022564749775555, 9.19318711616328, 9.304983533680163, 9.375568351717126, 9.417751776332485, 9.439946023496766, 9.446843979206708, 9.439946023496764, 9.417751776332485, 9.375568351717126, 9.304983533680163, 9.193187116163278, 9.022564749775556, 8.771353403030643, 8.416483062721689, 7.939546228873096, 7.335393900699839, 6.620058108223978, 5.83254368163909, 5.02697970714222, 4.257965145701854, 3.56700663047667, 2.9763844177595495, 2.4908562536364656, 2.103458660116168, 1.8015598599595846, 1.5712448598607978, 1.3997947571533043, 1.2767660143551849, 1.1942660694712746, 1.1468654779209813, 1.1314095259526882, 1.1468654779209813, 1.1942660694712746, 1.2767660143551849, 1.3997947571533063, 1.5712448598608002, 1.801559859959587, 2.1034586601161727, 2.4908562536364705, 2.9763844177595553, 3.5670066304766705, 4.257965145701854, 5.026979707142219, 5.83254368163909, 6.620058108223979, 7.335393900699839, 7.939546228873096, 8.416483062721694, 8.771353403030647, 9.022564749775558, 9.19318711616328, 9.304983533680165, 9.375568351717124, 9.417751776332485, 9.439946023496764, 9.446843979206708}","{9.439946023496791, 9.417751776332512, 9.375568351717153, 9.30498353368019, 9.193187116163307, 9.022564749775581, 8.771353403030671, 8.416483062721717, 7.9395462288731204, 7.335393900699863, 6.620058108223999, 5.832543681639109, 5.026979707142235, 4.257965145701867, 3.567006630476682, 2.976384417759562, 2.4908562536364753, 2.103458660116176, 1.801559859959592, 1.5712448598608042, 1.39979475715331, 1.2767660143551884, 1.1942660694712774, 1.1468654779209853, 1.1314095259526922, 1.146865477920985, 1.1942660694712786, 1.2767660143551893, 1.3997947571533111, 1.571244859860804, 1.801559859959592, 2.103458660116178, 2.4908562536364753, 2.9763844177595633, 3.5670066304766834, 4.2579651457018715, 5.026979707142235, 5.832543681639108, 6.620058108223999, 7.335393900699864, 7.93954622887312, 8.416483062721719, 8.771353403030671, 9.022564749775583, 9.193187116163307, 9.30498353368019, 9.375568351717153, 9.417751776332514, 9.439946023496791, 9.446843979206735, 9.439946023496791, 9.417751776332512, 9.375568351717153, 9.30498353368019, 9.193187116163303, 9.022564749775581, 8.771353403030668, 8.416483062721714, 7.939546228873118, 7.335393900699861, 6.620058108223998, 5.832543681639107, 5.026979707142234, 4.257965145701865, 3.5670066304766803, 2.9763844177595584, 2.4908562536364727, 2.103458660116174, 1.80155985995959, 1.5712448598608022, 1.399794757153308, 1.2767660143551889, 1.194266069471278, 1.1468654779209846, 1.1314095259526915, 1.1468654779209844, 1.194266069471278, 1.2767660143551884, 1.3997947571533103, 1.571244859860805, 1.8015598599595921, 2.1034586601161784, 2.4908562536364776, 2.9763844177595637, 3.5670066304766803, 4.257965145701865, 5.0269797071422335, 5.832543681639108, 6.620058108223998, 7.335393900699861, 7.939546228873118, 8.416483062721717, 8.771353403030671, 9.022564749775583, 9.193187116163307, 9.304983533680192, 9.375568351717153, 9.417751776332512, 9.439946023496791, 9.446843979206735}"
0.16699999999999998,"{0.7056625220357748, 1.0152297874700509, 1.4441413754524766, 2.024631401147695, 2.78715240393881, 3.752535597267356, 4.922280808902564, 6.270448412645465, 7.742007422349483, 9.260786857763051, 10.745213682545701, 12.125266252341062, 13.353677471484385, 14.40849625671433, 15.288819618348613, 16.00757860460757, 16.584606629773717, 17.041537542953616, 17.398730359978927, 17.67377392071565, 17.880997551765986, 18.03151994756684, 18.133524846641322, 18.192581663324123, 18.211915553861648, 18.192581663324123, 18.133524846641325, 18.031519947566835, 17.880997551765986, 17.67377392071565, 17.398730359978927, 17.041537542953616, 16.584606629773717, 16.00757860460757, 15.28881961834861, 14.408496256714324, 13.353677471484385, 12.125266252341062, 10.745213682545701, 9.26078685776305, 7.742007422349483, 6.270448412645462, 4.922280808902564, 3.7525355972673564, 2.78715240393881, 2.0246314011476922, 1.4441413754524743, 1.0152297874700502, 0.705662522035775, 0.48619865677898055, 0.3326712746771345, 0.22630269200306108, 0.15311398136378518, 0.10300947114571735, 0.06885297141227177, 0.04567311228294885, 0.03003532198934837, 0.019571962730023162, 0.012645847808764495, 0.008118942884314855, 0.005198631714119938, 0.003336351154979647, 0.0021584360084501964, 0.0014160479010123213, 0.000947480252825253, 0.0006499277144585746, 0.000459112249598859, 0.00033526195494854017, 0.0002538795795883925, 0.00019987536565489026, 0.00016393184804101428, 0.00014029014218052942, 0.00012541895775609738, 0.00011722657008545403, 0.00011461042105823224, 0.00011722657008545401, 0.00012541895775609727, 0.00014029014218052942, 0.00016393184804101466, 0.0001998753656548907, 0.00025387957958839327, 0.00033526195494854114, 0.0004591122495988598, 0.0006499277144585756, 0.0009474802528252522, 0.0014160479010123213, 0.002158436008450192, 0.0033363511549796424, 0.005198631714119946, 0.008118942884314844, 0.012645847808764502, 0.019571962730023203, 0.0300353219893485, 0.045673112282948986, 0.0688529714122718, 0.10300947114571762, 0.15311398136378535, 0.2263026920030607, 0.3326712746771349, 0.48619865677898}","{0.3326712746771351, 0.22630269200306083, 0.15311398136378543, 0.10300947114571714, 0.06885297141227181, 0.045673112282948784, 0.030035321989348506, 0.01957196273002321, 0.012645847808764507, 0.008118942884314851, 0.005198631714119949, 0.0033363511549796454, 0.0021584360084501942, 0.0014160479010123224, 0.0009474802528252531, 0.000649927714458575, 0.00045911224959885934, 0.0003352619549485405, 0.0002538795795883934, 0.00019987536565489074, 0.00016393184804101472, 0.00014029014218052945, 0.00012541895775609727, 0.00011722657008545415, 0.00011461042105823234, 0.00011722657008545414, 0.0001254189577560975, 0.00014029014218052956, 0.00016393184804101502, 0.00019987536565489072, 0.00025387957958839316, 0.00033526195494854147, 0.00045911224959886015, 0.0006499277144585763, 0.0009474802528252545, 0.0014160479010123241, 0.0021584360084501977, 0.00333635115497965, 0.0051986317141199416, 0.008118942884314861, 0.0126458478087645, 0.019571962730023245, 0.030035321989348402, 0.04567311228294894, 0.06885297141227191, 0.10300947114571751, 0.15311398136378562, 0.2263026920030618, 0.3326712746771347, 0.48619865677898094, 0.7056625220357753, 1.0152297874700529, 1.4441413754524786, 2.024631401147696, 2.7871524039388134, 3.7525355972673613, 4.922280808902575, 6.2704484126454805, 7.742007422349485, 9.260786857763053, 10.745213682545703, 12.125266252341063, 13.353677471484387, 14.408496256714333, 15.288819618348615, 16.007578604607577, 16.58460662977372, 17.04153754295362, 17.39873035997893, 17.67377392071565, 17.88099755176599, 18.031519947566835, 18.133524846641322, 18.192581663324123, 18.21191555386165, 18.192581663324127, 18.133524846641325, 18.031519947566835, 17.880997551765986, 17.673773920715647, 17.398730359978924, 17.041537542953613, 16.584606629773717, 16.00757860460757, 15.288819618348615, 14.408496256714333, 13.353677471484387, 12.125266252341063, 10.745213682545705, 9.260786857763053, 7.742007422349484, 6.270448412645464, 4.922280808902562, 3.75253559726735, 2.7871524039388054, 2.024631401147689, 1.4441413754524788, 1.0152297874700529, 0.7056625220357751, 0.48619865677898094}","{8.891547049050093, 8.79626266693427, 8.62945629736688, 8.380746731739114, 8.039200415167494, 7.597380314234083, 7.05619367343479, 6.428914398500839, 5.742115456154303, 5.03204876293026, 4.337337405392729, 3.691073323538787, 3.11559632981563, 2.621316461273042, 2.208732977670491, 1.871830430585867, 1.6013386323063603, 1.3871316397120372, 1.219674144737563, 1.0907254250624652, 0.9935705098808945, 0.9229982965261726, 0.8751729038736287, 0.847483690516896, 0.8384188259685639, 0.847483690516896, 0.8751729038736292, 0.9229982965261735, 0.9935705098808953, 1.0907254250624652, 1.219674144737563, 1.387131639712038, 1.6013386323063603, 1.871830430585867, 2.208732977670493, 2.6213164612730453, 3.1155963298156304, 3.6910733235387867, 4.337337405392729, 5.03204876293026, 5.742115456154303, 6.428914398500842, 7.056193673434791, 7.5973803142340826, 8.039200415167494, 8.380746731739116, 8.62945629736688, 8.796262666934272, 8.891547049050095, 8.922466132633543, 8.891547049050093, 8.79626266693427, 8.62945629736688, 8.380746731739116, 8.039200415167493, 7.597380314234079, 7.056193673434786, 6.428914398500831, 5.742115456154303, 5.032048762930257, 4.337337405392728, 3.6910733235387854, 3.1155963298156295, 2.621316461273041, 2.20873297767049, 1.8718304305858646, 1.6013386323063585, 1.3871316397120355, 1.2196741447375616, 1.090725425062464, 0.9935705098808933, 0.922998296526173, 0.875172903873629, 0.8474836905168958, 0.8384188259685635, 0.8474836905168958, 0.875172903873629, 0.9229982965261729, 0.9935705098808949, 1.0907254250624656, 1.2196741447375634, 1.3871316397120388, 1.6013386323063612, 1.8718304305858677, 2.2087329776704903, 2.621316461273041, 3.11559632981563, 3.691073323538785, 4.337337405392728, 5.032048762930257, 5.742115456154304, 6.42891439850084, 7.056193673434792, 7.597380314234085, 8.039200415167498, 8.38074673173912, 8.62945629736688, 8.79626266693427, 8.891547049050095, 8.922466132633543}","{8.891547049049919, 8.796262666934098, 8.629456297366712, 8.380746731738952, 8.039200415167338, 7.597380314233934, 7.056193673434653, 6.428914398500713, 5.742115456154191, 5.032048762930161, 4.337337405392644, 3.691073323538714, 3.115596329815569, 2.6213164612729907, 2.2087329776704485, 1.8718304305858307, 1.601338632306329, 1.3871316397120097, 1.219674144737539, 1.0907254250624439, 0.993570509880875, 0.9229982965261546, 0.8751729038736116, 0.8474836905168793, 0.8384188259685474, 0.8474836905168794, 0.8751729038736121, 0.9229982965261553, 0.9935705098808758, 1.0907254250624439, 1.2196741447375392, 1.3871316397120106, 1.6013386323063288, 1.8718304305858302, 2.20873297767045, 2.6213164612729942, 3.115596329815569, 3.691073323538714, 4.337337405392644, 5.032048762930162, 5.742115456154192, 6.428914398500716, 7.0561936734346515, 7.597380314233933, 8.039200415167338, 8.380746731738952, 8.629456297366714, 8.7962626669341, 8.891547049049919, 8.922466132633367, 8.891547049049919, 8.796262666934098, 8.62945629736671, 8.38074673173895, 8.039200415167336, 7.597380314233931, 7.056193673434646, 6.428914398500707, 5.742115456154191, 5.03204876293016, 4.337337405392644, 3.691073323538713, 3.1155963298155687, 2.62131646127299, 2.2087329776704467, 1.8718304305858282, 1.6013386323063272, 1.3871316397120084, 1.2196741447375379, 1.0907254250624427, 0.9935705098808738, 0.922998296526155, 0.8751729038736119, 0.8474836905168792, 0.8384188259685472, 0.847483690516879, 0.8751729038736118, 0.9229982965261548, 0.9935705098808755, 1.090725425062444, 1.2196741447375397, 1.3871316397120113, 1.6013386323063297, 1.871830430585831, 2.2087329776704467, 2.6213164612729893, 3.1155963298155687, 3.691073323538713, 4.337337405392643, 5.03204876293016, 5.742115456154191, 6.428914398500714, 7.056193673434653, 7.597380314233936, 8.03920041516734, 8.380746731738954, 8.629456297366712, 8.796262666934098, 8.891547049049919, 8.922466132633367}"
0.20600000000000002,"{2.800109949641907, 3.6838554556284984, 4.73909865910296, 5.951859708614429, 7.2882073955495645, 8.696468531792291, 10.114795329147807, 11.48194979006131, 12.747456279240039, 13.877779707497794, 14.85741627097038, 15.6860232011776, 16.373704426785157, 16.936295494208082, 17.391660800745292, 17.75726180377328, 18.04882221872507, 18.27977024231889, 18.461154665341567, 18.60180824204685, 18.708611367274166, 18.786770798813432, 18.840069091400842, 18.87106468749282, 18.88123550257721, 18.87106468749282, 18.840069091400842, 18.786770798813432, 18.708611367274166, 18.60180824204685, 18.461154665341567, 18.27977024231889, 18.04882221872507, 17.757261803773275, 17.391660800745292, 16.936295494208075, 16.373704426785157, 15.6860232011776, 14.85741627097038, 13.877779707497794, 12.747456279240039, 11.481949790061309, 10.114795329147807, 8.696468531792291, 7.2882073955495645, 5.951859708614424, 4.739098659102956, 3.6838554556284944, 2.8001099496419064, 2.084568546339872, 1.522025463639207, 1.0910410929888792, 0.7684428360102118, 0.532186547910079, 0.36279861537298946, 0.24387298171370664, 0.1620613529176656, 0.1068377534604981, 0.07016749223269594, 0.046126670704945257, 0.030498332409128373, 0.020377614008587248, 0.013819306326488588, 0.009549637211530088, 0.006747770675409067, 0.004889995224612895, 0.0036437153640952818, 0.00279776703469433, 0.002217693921784169, 0.0018174886065503203, 0.0015419058046718245, 0.00135545717459919, 0.0012356036662446112, 0.0011685985044386875, 0.0011470414935771968, 0.0011685985044386875, 0.0012356036662446097, 0.00135545717459919, 0.0015419058046718256, 0.0018174886065503231, 0.0022176939217841748, 0.0027977670346943343, 0.003643715364095284, 0.004889995224612905, 0.006747770675409064, 0.009549637211530083, 0.013819306326488567, 0.020377614008587227, 0.030498332409128397, 0.046126670704945194, 0.07016749223269597, 0.10683775346049836, 0.16206135291766624, 0.24387298171370744, 0.36279861537298985, 0.5321865479100806, 0.7684428360102126, 1.0910410929888783, 1.5220254636392085, 2.0845685463398707}","{1.522025463639209, 1.0910410929888787, 0.7684428360102129, 0.532186547910078, 0.3627986153729897, 0.24387298171370636, 0.16206135291766624, 0.10683775346049833, 0.07016749223269599, 0.04612667070494521, 0.030498332409128404, 0.020377614008587234, 0.013819306326488572, 0.009549637211530083, 0.006747770675409067, 0.0048899952246128945, 0.0036437153640952826, 0.0027977670346943295, 0.002217693921784173, 0.0018174886065503223, 0.001541905804671826, 0.0013554571745991902, 0.0012356036662446088, 0.0011685985044386877, 0.0011470414935771975, 0.0011685985044386875, 0.0012356036662446114, 0.0013554571745991902, 0.0015419058046718273, 0.0018174886065503223, 0.0022176939217841713, 0.0027977670346943343, 0.003643715364095285, 0.0048899952246129075, 0.006747770675409073, 0.0095496372115301, 0.013819306326488588, 0.02037761400858725, 0.030498332409128377, 0.04612667070494528, 0.07016749223269594, 0.10683775346049848, 0.1620613529176658, 0.24387298171370708, 0.3627986153729901, 0.5321865479100799, 0.7684428360102139, 1.091041092988882, 1.5220254636392072, 2.0845685463398724, 2.8001099496419064, 3.6838554556285006, 4.739098659102964, 5.951859708614429, 7.28820739554957, 8.696468531792297, 10.114795329147816, 11.481949790061323, 12.74745627924004, 13.877779707497794, 14.857416270970381, 15.686023201177601, 16.373704426785157, 16.936295494208082, 17.391660800745292, 17.75726180377328, 18.048822218725075, 18.279770242318893, 18.461154665341567, 18.601808242046847, 18.70861136727417, 18.78677079881343, 18.840069091400842, 18.87106468749282, 18.88123550257721, 18.87106468749282, 18.840069091400842, 18.78677079881343, 18.708611367274166, 18.601808242046847, 18.461154665341567, 18.27977024231889, 18.04882221872507, 17.757261803773275, 17.391660800745292, 16.936295494208082, 16.373704426785157, 15.686023201177601, 14.857416270970381, 13.877779707497794, 12.74745627924004, 11.481949790061307, 10.114795329147803, 8.696468531792283, 7.288207395549555, 5.951859708614416, 4.739098659102964, 3.683855455628501, 2.8001099496419064, 2.084568546339873}","{7.1242512954282295, 6.918510004125626, 6.585585409689261, 6.14184734364104, 5.611563739263844, 5.025670802524039, 4.418338734543598, 3.8221781357870395, 3.2637769555482006, 2.7610659357845453, 2.3230064788329283, 1.9510743561576531, 1.6415621261255748, 1.3878527052309482, 1.1822012495842076, 1.016910999375944, 0.884988004278943, 0.7804262510685003, 0.6982661063026814, 0.6345329201096992, 0.5861252445665558, 0.5506931790944641, 0.5265281174942532, 0.5124737127772554, 0.5078617412566431, 0.5124737127772554, 0.5265281174942535, 0.5506931790944641, 0.5861252445665558, 0.6345329201096991, 0.6982661063026814, 0.7804262510685003, 0.8849880042789429, 1.0169109993759446, 1.1822012495842082, 1.3878527052309502, 1.6415621261255748, 1.951074356157653, 2.3230064788329283, 2.7610659357845453, 3.2637769555482006, 3.8221781357870404, 4.418338734543599, 5.025670802524039, 5.611563739263844, 6.141847343641041, 6.585585409689263, 6.918510004125625, 7.1242512954282295, 7.193775973212856, 7.1242512954282295, 6.918510004125624, 6.58558540968926, 6.141847343641039, 5.611563739263842, 5.025670802524036, 4.418338734543594, 3.8221781357870337, 3.2637769555482006, 2.761065935784545, 2.3230064788329283, 1.9510743561576527, 1.6415621261255746, 1.3878527052309482, 1.1822012495842074, 1.0169109993759429, 0.8849880042789429, 0.7804262510684996, 0.6982661063026813, 0.6345329201096991, 0.5861252445665553, 0.5506931790944639, 0.5265281174942535, 0.5124737127772554, 0.5078617412566431, 0.5124737127772553, 0.5265281174942535, 0.550693179094464, 0.5861252445665558, 0.6345329201096995, 0.6982661063026818, 0.7804262510685008, 0.8849880042789435, 1.0169109993759446, 1.1822012495842071, 1.3878527052309482, 1.6415621261255748, 1.951074356157653, 2.323006478832928, 2.7610659357845453, 3.2637769555482006, 3.822178135787041, 4.4183387345436, 5.0256708025240435, 5.611563739263848, 6.141847343641045, 6.58558540968926, 6.918510004125623, 7.1242512954282295, 7.1937759732128574}","{7.124251295428026, 6.9185100041254275, 6.585585409689073, 6.141847343640865, 5.6115637392636835, 5.025670802523897, 4.418338734543472, 3.8221781357869307, 3.2637769555481078, 2.7610659357844667, 2.323006478832862, 1.9510743561575974, 1.6415621261255282, 1.3878527052309086, 1.1822012495841736, 1.016910999375915, 0.8849880042789177, 0.7804262510684781, 0.6982661063026614, 0.6345329201096812, 0.586125244566539, 0.5506931790944484, 0.5265281174942382, 0.5124737127772407, 0.5078617412566286, 0.5124737127772409, 0.5265281174942387, 0.5506931790944484, 0.5861252445665391, 0.6345329201096812, 0.6982661063026615, 0.7804262510684781, 0.8849880042789177, 1.0169109993759158, 1.1822012495841743, 1.3878527052309104, 1.641562126125528, 1.9510743561575974, 2.3230064788328617, 2.7610659357844667, 3.2637769555481073, 3.8221781357869316, 4.418338734543473, 5.025670802523897, 5.6115637392636835, 6.141847343640867, 6.585585409689075, 6.918510004125428, 7.124251295428027, 7.1937759732126505, 7.124251295428027, 6.918510004125426, 6.585585409689072, 6.1418473436408645, 5.611563739263682, 5.025670802523894, 4.418338734543467, 3.822178135786925, 3.2637769555481073, 2.7610659357844667, 2.3230064788328617, 1.9510743561575972, 1.641562126125528, 1.3878527052309086, 1.1822012495841734, 1.016910999375914, 0.8849880042789176, 0.7804262510684774, 0.6982661063026614, 0.634532920109681, 0.5861252445665386, 0.5506931790944483, 0.5265281174942386, 0.5124737127772407, 0.5078617412566285, 0.5124737127772407, 0.5265281174942386, 0.5506931790944483, 0.586125244566539, 0.6345329201096814, 0.6982661063026618, 0.7804262510684786, 0.8849880042789182, 1.0169109993759156, 1.1822012495841736, 1.3878527052309086, 1.641562126125528, 1.9510743561575974, 2.3230064788328617, 2.7610659357844662, 3.2637769555481073, 3.8221781357869316, 4.4183387345434735, 5.0256708025239, 5.611563739263688, 6.14184734364087, 6.585585409689072, 6.918510004125426, 7.124251295428026, 7.193775973212651}"
0.24500000000000002,"{8.395466554759986, 10.1714757147033, 11.8507035978441, 13.350364409087952, 14.630920279114273, 15.688858649980425, 16.54312251194314, 17.222771480640535, 17.75874297751068, 18.17949185921454, 18.509261205658927, 18.767814310968138, 18.97084218512844, 19.130604648169143, 19.256588356444066, 19.35609143544874, 19.434707908751964, 19.496713734726843, 19.545367141818666, 19.58313848944304, 19.61188386783926, 19.632974386893626, 19.647390619961904, 19.65578937154118, 19.658547943617435, 19.65578937154118, 19.647390619961904, 19.632974386893626, 19.61188386783926, 19.58313848944304, 19.545367141818666, 19.496713734726843, 19.434707908751964, 19.35609143544874, 19.256588356444066, 19.13060464816914, 18.97084218512844, 18.767814310968138, 18.509261205658927, 18.17949185921454, 17.75874297751068, 17.22277148064053, 16.54312251194314, 15.688858649980423, 14.630920279114273, 13.350364409087945, 11.850703597844094, 10.171475714703291, 8.395466554759988, 6.6398756071977845, 5.028472171199857, 3.6563261786407084, 2.5670152862782323, 1.753163995945726, 1.1741557837302656, 0.7771300493408951, 0.5118217486978204, 0.3374119733499459, 0.22375169895142102, 0.14987512678910886, 0.10175473417012429, 0.07022883886346123, 0.049397220236485094, 0.03548608495717324, 0.02608572347033324, 0.019654171198923175, 0.015199946305490777, 0.01208128931866128, 0.00987969294452533, 0.00832029349605966, 0.007221694826955167, 0.006464297625989048, 0.005970342492386179, 0.005691479498488475, 0.005601319676178394, 0.005691479498488475, 0.0059703424923861735, 0.006464297625989048, 0.0072216948269551795, 0.008320293496059672, 0.009879692944525348, 0.012081289318661306, 0.015199946305490798, 0.019654171198923206, 0.02608572347033323, 0.03548608495717323, 0.049397220236485066, 0.07022883886346118, 0.10175473417012439, 0.14987512678910872, 0.2237516989514211, 0.33741197334994666, 0.5118217486978225, 0.7771300493408979, 1.1741557837302683, 1.7531639959457308, 2.5670152862782336, 3.6563261786407057, 5.0284721711998595, 6.639875607197778}","{5.028472171199859, 3.6563261786407066, 2.5670152862782345, 1.7531639959457224, 1.1741557837302663, 0.7771300493408942, 0.511821748697822, 0.33741197334994644, 0.22375169895142102, 0.1498751267891087, 0.10175473417012437, 0.07022883886346117, 0.04939722023648505, 0.03548608495717321, 0.026085723470333225, 0.019654171198923164, 0.015199946305490772, 0.012081289318661278, 0.00987969294452534, 0.008320293496059663, 0.0072216948269551735, 0.006464297625989045, 0.005970342492386166, 0.005691479498488474, 0.005601319676178393, 0.005691479498488474, 0.005970342492386179, 0.006464297625989045, 0.0072216948269551795, 0.008320293496059665, 0.009879692944525337, 0.012081289318661299, 0.015199946305490788, 0.0196541711989232, 0.026085723470333236, 0.03548608495717327, 0.04939722023648509, 0.07022883886346122, 0.10175473417012429, 0.14987512678910883, 0.22375169895142094, 0.337411973349947, 0.5118217486978209, 0.7771300493408962, 1.1741557837302674, 1.753163995945728, 2.5670152862782385, 3.656326178640716, 5.028472171199856, 6.639875607197783, 8.395466554759988, 10.171475714703302, 11.850703597844106, 13.35036440908795, 14.630920279114278, 15.688858649980427, 16.543122511943142, 17.22277148064054, 17.75874297751068, 18.17949185921454, 18.509261205658927, 18.76781431096814, 18.97084218512844, 19.130604648169143, 19.256588356444066, 19.35609143544874, 19.434707908751964, 19.496713734726843, 19.545367141818666, 19.58313848944304, 19.61188386783926, 19.632974386893626, 19.647390619961904, 19.65578937154118, 19.658547943617435, 19.65578937154118, 19.647390619961904, 19.632974386893626, 19.61188386783926, 19.58313848944304, 19.545367141818666, 19.496713734726843, 19.434707908751964, 19.35609143544874, 19.256588356444066, 19.130604648169143, 18.97084218512844, 18.76781431096814, 18.509261205658927, 18.17949185921454, 17.75874297751068, 17.22277148064053, 16.543122511943135, 15.688858649980418, 14.630920279114267, 13.350364409087938, 11.850703597844104, 10.171475714703304, 8.395466554759986, 6.639875607197786}","{2.4073457425425002, 2.259500666929522, 2.043545538671805, 1.7924863466622756, 1.5356657823992073, 1.2937207707533256, 1.0781175997953987, 0.893161077880975, 0.7385625908569196, 0.6115805657672372, 0.5084753205851325, 0.4253658474877293, 0.3586679622527112, 0.30527512444672256, 0.2625966255838722, 0.22852526670353868, 0.2013761624645666, 0.1798189157051344, 0.1628139694107795, 0.14955760277116545, 0.13943674855233107, 0.13199325733477565, 0.12689662956249012, 0.12392412392323275, 0.12294727918092888, 0.12392412392323277, 0.12689662956249026, 0.13199325733477565, 0.13943674855233115, 0.14955760277116548, 0.1628139694107795, 0.17981891570513447, 0.20137616246456663, 0.22852526670353873, 0.26259662558387226, 0.305275124446723, 0.35866796225271125, 0.42536584748772927, 0.5084753205851325, 0.6115805657672372, 0.7385625908569196, 0.8931610778809754, 1.078117599795399, 1.2937207707533254, 1.5356657823992075, 1.7924863466622765, 2.0435455386718058, 2.259500666929522, 2.407345742542501, 2.460129495235771, 2.407345742542501, 2.2595006669295206, 2.043545538671804, 1.7924863466622756, 1.5356657823992061, 1.2937207707533243, 1.0781175997953976, 0.8931610778809739, 0.7385625908569197, 0.6115805657672372, 0.5084753205851325, 0.4253658474877294, 0.35866796225271125, 0.3052751244467226, 0.2625966255838722, 0.22852526670353857, 0.20137616246456655, 0.1798189157051343, 0.16281396941077947, 0.14955760277116545, 0.13943674855233104, 0.1319932573347757, 0.12689662956249026, 0.12392412392323278, 0.12294727918092888, 0.12392412392323277, 0.12689662956249023, 0.1319932573347757, 0.13943674855233118, 0.14955760277116562, 0.16281396941077958, 0.17981891570513459, 0.2013761624645668, 0.22852526670353887, 0.2625966255838722, 0.30527512444672267, 0.35866796225271125, 0.4253658474877294, 0.5084753205851325, 0.6115805657672372, 0.7385625908569198, 0.8931610778809755, 1.0781175997953996, 1.2937207707533271, 1.5356657823992093, 1.7924863466622778, 2.0435455386718036, 2.2595006669295206, 2.4073457425425002, 2.4601294952357717}","{2.4073457425425344, 2.2595006669295543, 2.0435455386718338, 1.792486346662301, 1.5356657823992292, 1.2937207707533438, 1.0781175997954142, 0.8931610778809875, 0.7385625908569301, 0.6115805657672458, 0.5084753205851397, 0.42536584748773537, 0.35866796225271635, 0.30527512444672694, 0.2625966255838759, 0.2285252667035419, 0.20137616246456946, 0.17981891570513694, 0.16281396941078183, 0.1495576027711676, 0.13943674855233307, 0.13199325733477757, 0.12689662956249192, 0.12392412392323453, 0.12294727918093062, 0.12392412392323453, 0.12689662956249206, 0.13199325733477754, 0.13943674855233315, 0.14955760277116764, 0.16281396941078183, 0.17981891570513703, 0.2013761624645695, 0.22852526670354198, 0.262596625583876, 0.30527512444672733, 0.3586679622527163, 0.4253658474877353, 0.5084753205851398, 0.6115805657672458, 0.73856259085693, 0.8931610778809881, 1.078117599795414, 1.2937207707533438, 1.5356657823992292, 1.7924863466623018, 2.0435455386718346, 2.259500666929554, 2.407345742542535, 2.460129495235806, 2.407345742542535, 2.2595006669295525, 2.043545538671833, 1.7924863466623009, 1.5356657823992281, 1.293720770753343, 1.0781175997954127, 0.8931610778809865, 0.7385625908569302, 0.6115805657672458, 0.5084753205851397, 0.4253658474877354, 0.35866796225271635, 0.305275124446727, 0.2625966255838759, 0.2285252667035418, 0.2013761624645694, 0.1798189157051369, 0.1628139694107818, 0.14955760277116759, 0.13943674855233304, 0.13199325733477757, 0.12689662956249206, 0.12392412392323454, 0.12294727918093064, 0.12392412392323454, 0.12689662956249204, 0.1319932573347776, 0.13943674855233315, 0.14955760277116772, 0.1628139694107819, 0.17981891570513714, 0.20137616246456969, 0.22852526670354212, 0.2625966255838759, 0.30527512444672694, 0.3586679622527164, 0.4253658474877354, 0.5084753205851397, 0.6115805657672458, 0.7385625908569302, 0.8931610778809882, 1.078117599795415, 1.2937207707533456, 1.535665782399231, 1.7924863466623033, 2.043545538671833, 2.259500666929553, 2.407345742542535, 2.460129495235807}"
0.284,"{11.325753918987012, 13.222366435350114, 14.850774052304065, 16.16038962594257, 17.16342083568752, 17.90669625397757, 18.44680166433602, 18.83571801869003, 19.115381733913562, 19.31729257650042, 19.464172282904997, 19.572054305799888, 19.652136926845525, 19.71222068211177, 19.757751843311663, 19.792553535148205, 19.81932848943409, 19.840001727339537, 19.855953479530328, 19.868177590865724, 19.877389428973693, 19.88409940539917, 19.888662798875313, 19.891312897655453, 19.89218197829456, 19.891312897655453, 19.88866279887531, 19.88409940539917, 19.877389428973697, 19.868177590865724, 19.855953479530342, 19.84000172733954, 19.81932848943408, 19.792553535148205, 19.757751843311663, 19.71222068211177, 19.652136926845525, 19.572054305799888, 19.464172282904997, 19.31729257650042, 19.115381733913562, 18.835718018690027, 18.44680166433602, 17.906696253977568, 17.16342083568752, 16.160389625942564, 14.85077405230406, 13.222366435350104, 11.325753918987015, 9.286102924332553, 7.278264807042842, 5.470015320259253, 3.9688058904384285, 2.804501850401223, 1.9476127792972562, 1.3401054540728865, 0.9198407595978257, 0.6332585136423481, 0.439140972178095, 0.30779168277981533, 0.2186406248538412, 0.15776455445736878, 0.11585732504645796, 0.08673386996851189, 0.06628730590821975, 0.05178444194033809, 0.041398271292177505, 0.03390064265776033, 0.028461076954751217, 0.024515204430251694, 0.02167869493805977, 0.019690963329538038, 0.01837850712944703, 0.01763139527108198, 0.01738883871049961, 0.017631395271081988, 0.01837850712944702, 0.019690963329538035, 0.02167869493805979, 0.024515204430251732, 0.028461076954751263, 0.033900642657760376, 0.041398271292177546, 0.0517844419403382, 0.06628730590821975, 0.08673386996851186, 0.11585732504645792, 0.1577645544573686, 0.2186406248538414, 0.30779168277981506, 0.4391409721780951, 0.6332585136423498, 0.919840759597829, 1.3401054540728907, 1.94761277929726, 2.8045018504012305, 3.9688058904384316, 5.470015320259249, 7.278264807042845, 9.28610292433255}","{7.278264807042836, 5.470015320259245, 3.968805890438427, 2.8045018504012136, 1.9476127792972542, 1.3401054540728827, 0.9198407595978266, 0.6332585136423482, 0.4391409721780942, 0.3077916827798145, 0.21864062485384098, 0.1577645544573683, 0.1158573250464577, 0.08673386996851169, 0.06628730590821962, 0.05178444194033801, 0.04139827129217743, 0.03390064265776024, 0.028461076954751186, 0.024515204430251663, 0.021678694938059736, 0.019690963329537993, 0.018378507129446973, 0.017631395271081953, 0.01738883871049958, 0.017631395271081953, 0.018378507129446997, 0.019690963329537996, 0.021678694938059746, 0.024515204430251663, 0.028461076954751197, 0.033900642657760306, 0.041398271292177456, 0.05178444194033808, 0.06628730590821963, 0.0867338699685118, 0.11585732504645774, 0.15776455445736845, 0.21864062485384078, 0.3077916827798147, 0.4391409721780943, 0.6332585136423491, 0.9198407595978249, 1.3401054540728856, 1.947612779297256, 2.8045018504012202, 3.9688058904384325, 5.4700153202592565, 7.2782648070428335, 9.286102924332543, 11.325753918987006, 13.222366435350107, 14.850774052304061, 16.16038962594256, 17.16342083568752, 17.906696253977568, 18.44680166433602, 18.83571801869003, 19.115381733913562, 19.31729257650042, 19.464172282904997, 19.572054305799888, 19.652136926845525, 19.71222068211177, 19.757751843311663, 19.792553535148205, 19.81932848943408, 19.840001727339548, 19.855953479530335, 19.86817759086573, 19.87738942897371, 19.88409940539917, 19.88866279887531, 19.89131289765545, 19.892181978294555, 19.891312897655457, 19.88866279887531, 19.88409940539917, 19.877389428973704, 19.868177590865734, 19.85595347953033, 19.84000172733954, 19.81932848943408, 19.792553535148205, 19.757751843311667, 19.712220682111774, 19.65213692684553, 19.572054305799888, 19.464172282904997, 19.31729257650042, 19.115381733913562, 18.83571801869003, 18.446801664336018, 17.90669625397756, 17.163420835687514, 16.160389625942553, 14.85077405230406, 13.222366435350109, 11.325753918987003, 9.286102924332546}","{-1.4281401798449317*^-9, -1.3377324363061177*^-9, -1.207589566704205*^-9, -1.0589233366526113*^-9, -9.094235031302858*^-10, -7.705406766821209*^-10, -6.479449432539786*^-10, -5.432548769968534*^-10, -4.5573834957104917*^-10, -3.835490888820384*^-10, -3.2448643260503184*^-10, -2.7640036578446053*^-10, -2.3732633237114283*^-10, -2.0553267766037047*^-10, -1.798225695551348*^-10, -1.5958732661498757*^-10, -1.4405767357769323*^-10, -1.318502139391892*^-10, -1.2161542150104775*^-10, -1.126919691013198*^-10, -1.0508172676731351*^-10, -9.904607297864094*^-11, -9.474752642631585*^-11, -9.220556182424314*^-11, -9.132459546162525*^-11, -9.220535643817977*^-11, -9.474709876062145*^-11, -9.904595945810496*^-11, -1.0508358993524146*^-10, -1.1269152327054651*^-10, -1.2162243160196048*^-10, -1.318525088394494*^-10, -1.4405412752540992*^-10, -1.595868230787022*^-10, -1.798227374635008*^-10, -2.0553246300076415*^-10, -2.3732616678661647*^-10, -2.764004530951493*^-10, -3.2448655447399734*^-10, -3.835490242299094*^-10, -4.5573832290888225*^-10, -5.43254849801734*^-10, -6.479449349973761*^-10, -7.705407074421017*^-10, -9.09423485699232*^-10, -1.0589233252621002*^-9, -1.2075895633949913*^-9, -1.337732431376232*^-9, -1.4281401808306895*^-9, -1.4606884209389776*^-9, -1.4281401797141776*^-9, -1.3377324334734625*^-9, -1.2075895557219349*^-9, -1.0589233169106365*^-9, -9.09423502082889*^-10, -7.705406869825726*^-10, -6.479449397094311*^-10, -5.432548495930992*^-10, -4.5573833731501843*^-10, -3.835492453304105*^-10, -3.244864575436418*^-10, -2.7640067605995834*^-10, -2.3732601948318014*^-10, -2.0553230069260714*^-10, -1.7982224428755128*^-10, -1.5958700091475054*^-10, -1.4405392350874633*^-10, -1.318547572555533*^-10, -1.2161996521956495*^-10, -1.1269663059540845*^-10, -1.0508993246038235*^-10, -9.904738783402699*^-11, -9.474654552279254*^-11, -9.220477204821852*^-11, -9.132228175011945*^-11, -9.220711223196499*^-11, -9.47467449280483*^-11, -9.904637264984078*^-11, -1.0508763297505701*^-10, -1.1269738684481963*^-10, -1.2161862488567021*^-10, -1.3185072830955453*^-10, -1.44053383441222*^-10, -1.595872023974915*^-10, -1.7982236783664985*^-10, -2.05533030158802*^-10, -2.373261029081206*^-10, -2.764007086822933*^-10, -3.2448656272151206*^-10, -3.8354923816280695*^-10, -4.55738318794258*^-10, -5.4325484373845*^-10, -6.479449942383575*^-10, -7.70540711923964*^-10, -9.094234892394905*^-10, -1.058923338849402*^-9, -1.2075895590054068*^-9, -1.337732431953174*^-9, -1.428140172668733*^-9, -1.4606884204729259*^-9}","{-1.428140179844217*^-9, -1.3377324363058645*^-9, -1.2075895667039552*^-9, -1.0589233366525691*^-9, -9.094235031303577*^-10, -7.705406766816445*^-10, -6.479449432536014*^-10, -5.432548769967665*^-10, -4.5573834957100946*^-10, -3.835490888820884*^-10, -3.2448643260474067*^-10, -2.76400365784329*^-10, -2.373263323710835*^-10, -2.0553267766026004*^-10, -1.7982256955513542*^-10, -1.5958732661493174*^-10, -1.4405767357760452*^-10, -1.3185021393918071*^-10, -1.2161542150100164*^-10, -1.1269196910129395*^-10, -1.0508172676728662*^-10, -9.904607297860734*^-11, -9.474752642628514*^-11, -9.220556182420912*^-11, -9.132459546161202*^-11, -9.220535643816374*^-11, -9.474709876058267*^-11, -9.904595945806174*^-11, -1.0508358993524818*^-10, -1.1269152327054114*^-10, -1.216224316019367*^-10, -1.318525088393489*^-10, -1.440541275254457*^-10, -1.5958682307861638*^-10, -1.7982273746347806*^-10, -2.0553246300066076*^-10, -2.3732616678654905*^-10, -2.764004530951373*^-10, -3.244865544738075*^-10, -3.8354902422979154*^-10, -4.557383229085584*^-10, -5.432548498016128*^-10, -6.479449349970179*^-10, -7.705407074417402*^-10, -9.09423485698959*^-10, -1.05892332526135*^-9, -1.2075895633950442*^-9, -1.3377324313762933*^-9, -1.4281401808308665*^-9, -1.460688420938976*^-9, -1.428140179713961*^-9, -1.3377324334736196*^-9, -1.2075895557214882*^-9, -1.0589233169105679*^-9, -9.094235020823331*^-10, -7.70540686982604*^-10, -6.479449397095535*^-10, -5.432548495929734*^-10, -4.557383373148588*^-10, -3.8354924533028064*^-10, -3.2448645754356985*^-10, -2.764006760598237*^-10, -2.373260194830904*^-10, -2.055323006925267*^-10, -1.7982224428749855*^-10, -1.5958700091472614*^-10, -1.440539235087271*^-10, -1.318547572555194*^-10, -1.2161996521955233*^-10, -1.1269663059536068*^-10, -1.0508993246031907*^-10, -9.90473878340183*^-11, -9.474654552277621*^-11, -9.220477204822007*^-11, -9.132228175013434*^-11, -9.220711223191546*^-11, -9.47467449280634*^-11, -9.904637264982227*^-11, -1.0508763297502558*^-10, -1.1269738684482129*^-10, -1.2161862488559225*^-10, -1.3185072830952537*^-10, -1.4405338344113555*^-10, -1.595872023975223*^-10, -1.7982236783659422*^-10, -2.0553303015881544*^-10, -2.3732610290807467*^-10, -2.764007086822182*^-10, -3.2448656272139626*^-10, -3.8354923816271844*^-10, -4.557383187942824*^-10, -5.432548437381899*^-10, -6.479449942381193*^-10, -7.705407119238275*^-10, -9.09423489239029*^-10, -1.0589233388490918*^-9, -1.2075895590046375*^-9, -1.337732431952643*^-9, -1.4281401726680447*^-9, -1.4606884204725354*^-9}"
0.323,"{11.322289001030162, 13.044760489753559, 14.56007770423846, 15.820143929431884, 16.822364280762272, 17.593964182972456, 18.17517289618863, 18.607334396435892, 18.92675714008109, 19.162677878086544, 19.33745272848794, 19.467651244989753, 19.5653325151163, 19.639188850020716, 19.695461564048564, 19.738631854991752, 19.771924562126017, 19.79766825525153, 19.817549697158253, 19.832792486941358, 19.84428192437287, 19.85265184050237, 19.8583443807237, 19.861650246632216, 19.8627343829284, 19.861650246632216, 19.8583443807237, 19.85265184050237, 19.84428192437287, 19.832792486941358, 19.817549697158253, 19.79766825525153, 19.771924562126017, 19.73863185499175, 19.695461564048564, 19.639188850020716, 19.5653325151163, 19.467651244989753, 19.33745272848794, 19.162677878086544, 18.92675714008109, 18.607334396435892, 18.17517289618863, 17.593964182972453, 16.82236428076227, 15.820143929431877, 14.560077704238456, 13.04476048975355, 11.322289001030164, 9.48966222742069, 7.675070463521671, 6.003420465249495, 4.563215651427808, 3.3919622811314376, 2.4825624842270617, 1.8006485474092944, 1.3016754652755542, 0.9422929545191887, 0.6857539908929184, 0.5032981005850103, 0.3734937537922472, 0.28085195671349994, 0.21438573636037442, 0.16638467864731113, 0.13146627524376514, 0.1058789342759332, 0.08700544514584051, 0.07301574896643238, 0.06262679545090032, 0.054937556022078476, 0.049316180200518256, 0.045323192303333364, 0.04265969161312477, 0.041133133457165356, 0.04063582824918261, 0.041133133457165356, 0.04265969161312475, 0.045323192303333364, 0.049316180200518325, 0.0549375560220785, 0.0626267954509004, 0.07301574896643254, 0.08700544514584058, 0.10587893427593333, 0.13146627524376509, 0.16638467864731105, 0.21438573636037436, 0.2808519567134998, 0.3734937537922474, 0.50329810058501, 0.6857539908929188, 0.9422929545191907, 1.3016754652755589, 1.800648547409299, 2.4825624842270666, 3.3919622811314465, 4.563215651427809, 6.003420465249491, 7.675070463521673, 9.489662227420686}","{7.675070463521677, 6.003420465249497, 4.5632156514278135, 3.391962281131435, 2.482562484227065, 1.8006485474092941, 1.3016754652755589, 0.9422929545191909, 0.6857539908929192, 0.5032981005850102, 0.3734937537922477, 0.28085195671349994, 0.21438573636037447, 0.16638467864731113, 0.13146627524376517, 0.10587893427593326, 0.08700544514584058, 0.07301574896643244, 0.06262679545090041, 0.054937556022078525, 0.04931618020051833, 0.045323192303333364, 0.04265969161312476, 0.041133133457165384, 0.040635828249182625, 0.041133133457165384, 0.04265969161312481, 0.04532319230333339, 0.049316180200518395, 0.05493755602207853, 0.06262679545090039, 0.07301574896643259, 0.08700544514584065, 0.10587893427593338, 0.1314662752437653, 0.1663846786473115, 0.21438573636037453, 0.28085195671350016, 0.3734937537922474, 0.5032981005850106, 0.685753990892919, 0.9422929545191919, 1.3016754652755569, 1.8006485474092977, 2.4825624842270657, 3.391962281131442, 4.563215651427818, 6.003420465249507, 7.675070463521675, 9.489662227420693, 11.322289001030168, 13.044760489753562, 14.560077704238466, 15.820143929431884, 16.822364280762272, 17.59396418297246, 18.175172896188634, 18.607334396435895, 18.92675714008109, 19.162677878086544, 19.33745272848794, 19.46765124498975, 19.5653325151163, 19.639188850020716, 19.695461564048568, 19.738631854991752, 19.771924562126017, 19.79766825525153, 19.817549697158256, 19.832792486941354, 19.84428192437287, 19.85265184050237, 19.8583443807237, 19.861650246632216, 19.862734382928398, 19.861650246632216, 19.8583443807237, 19.85265184050237, 19.84428192437287, 19.832792486941354, 19.817549697158256, 19.79766825525153, 19.771924562126017, 19.738631854991752, 19.695461564048568, 19.639188850020716, 19.5653325151163, 19.467651244989753, 19.33745272848794, 19.162677878086544, 18.92675714008109, 18.607334396435895, 18.175172896188627, 17.59396418297245, 16.82236428076227, 15.820143929431874, 14.560077704238465, 13.044760489753564, 11.322289001030166, 9.489662227420697}","{-1.0268245770681633*^-16, -9.747772550605918*^-17, -8.978531174889307*^-17, -8.068980654559562*^-17, -7.118386464288385*^-17, -6.199894238982967*^-17, -5.357702404309172*^-17, -4.612357957077624*^-17, -3.968352356614871*^-17, -3.420807972282087*^-17, -2.9602558996945866*^-17, -2.5756298971700802*^-17, -2.2559502365946112*^-17, -1.991161094903494*^-17, -1.7724672698564392*^-17, -1.5923967176636543*^-17, -1.444726581885297*^-17, -1.3243515068062379*^-17, -1.2271370113321102*^-17, -1.1497795595740106*^-17, -1.0896835336087155*^-17, -1.0448585373827832*^-17, -1.0138374005141307*^-17, -9.95615263524157*^-18, -9.89603615247724*^-18, -9.956152585654044*^-18, -1.01383741238063*^-17, -1.0448585391274945*^-17, -1.0896835183681694*^-17, -1.149779572542524*^-17, -1.2271370052340379*^-17, -1.3243515105253226*^-17, -1.4447265786353824*^-17, -1.592396714143964*^-17, -1.772467285135679*^-17, -1.991161103725917*^-17, -2.2559502392598714*^-17, -2.5756298744024994*^-17, -2.9602558966738805*^-17, -3.4208079719737115*^-17, -3.968352358550154*^-17, -4.61235795569128*^-17, -5.3577024034340494*^-17, -6.199894239198287*^-17, -7.118386464253971*^-17, -8.068980654540432*^-17, -8.978531174885363*^-17, -9.747772550539732*^-17, -1.0268245770700842*^-16, -1.0452945972906912*^-16, -1.0268245770738431*^-16, -9.747772550630372*^-17, -8.978531174835487*^-17, -8.06898065448034*^-17, -7.118386464112844*^-17, -6.199894238688702*^-17, -5.357702404067978*^-17, -4.6123579565235675*^-17, -3.968352354872662*^-17, -3.4208079620228425*^-17, -2.9602558855144865*^-17, -2.5756298925475033*^-17, -2.2559502184940005*^-17, -1.9911611125058798*^-17, -1.7724672776483684*^-17, -1.5923967192473616*^-17, -1.4447265686208326*^-17, -1.3243514971300207*^-17, -1.2271369923874134*^-17, -1.1497795665329668*^-17, -1.0896835181649958*^-17, -1.0448585467379586*^-17, -1.013837408710891*^-17, -9.956152666386489*^-18, -9.89603625064844*^-18, -9.95615260699182*^-18, -1.0138374048391913*^-17, -1.0448585366908906*^-17, -1.0896835363053601*^-17, -1.149779560888598*^-17, -1.2271370173030378*^-17, -1.324351506951837*^-17, -1.4447265713276018*^-17, -1.5923967149237087*^-17, -1.7724672884366182*^-17, -1.991161092415959*^-17, -2.255950223347265*^-17, -2.5756298915767705*^-17, -2.960255878152935*^-17, -3.420807971590049*^-17, -3.968352354430269*^-17, -4.6123579537767144*^-17, -5.357702404329466*^-17, -6.199894238846672*^-17, -7.118386464321734*^-17, -8.068980654542818*^-17, -8.978531174831425*^-17, -9.74777255055334*^-17, -1.0268245770646016*^-16, -1.0452945972831615*^-16}","{-1.0268245770682461*^-16, -9.747772550606588*^-17, -8.978531174890037*^-17, -8.068980654560331*^-17, -7.118386464288996*^-17, -6.199894238983539*^-17, -5.357702404309665*^-17, -4.612357957077999*^-17, -3.9683523566152655*^-17, -3.420807972282383*^-17, -2.960255899694843*^-17, -2.5756298971702775*^-17, -2.2559502365947542*^-17, -1.9911610949036566*^-17, -1.772467269856597*^-17, -1.592396717663812*^-17, -1.4447265818854302*^-17, -1.3243515068063168*^-17, -1.2271370113322285*^-17, -1.1497795595741043*^-17, -1.0896835336087944*^-17, -1.0448585373828596*^-17, -1.013837400514212*^-17, -9.956152635242161*^-18, -9.896036152477906*^-18, -9.956152585654858*^-18, -1.0138374123807065*^-17, -1.0448585391275636*^-17, -1.0896835183682433*^-17, -1.1497795725426078*^-17, -1.2271370052341316*^-17, -1.3243515105254212*^-17, -1.444726578635471*^-17, -1.5923967141440774*^-17, -1.772467285135832*^-17, -1.99116110372607*^-17, -2.2559502392600637*^-17, -2.575629874402736*^-17, -2.960255896674107*^-17, -3.4208079719739974*^-17, -3.968352358550519*^-17, -4.612357955691635*^-17, -5.357702403434483*^-17, -6.19989423919876*^-17, -7.118386464254582*^-17, -8.068980654541083*^-17, -8.978531174885994*^-17, -9.7477725505406*^-17, -1.0268245770701749*^-16, -1.045294597290778*^-16, -1.0268245770739338*^-16, -9.747772550631122*^-17, -8.978531174836158*^-17, -8.068980654480991*^-17, -7.118386464113317*^-17, -6.199894238689294*^-17, -5.357702404068333*^-17, -4.6123579565238436*^-17, -3.968352354872928*^-17, -3.420807962023109*^-17, -2.9602558855147034*^-17, -2.5756298925476807*^-17, -2.255950218494168*^-17, -1.9911611125060277*^-17, -1.772467277648472*^-17, -1.5923967192474504*^-17, -1.4447265686209214*^-17, -1.3243514971301193*^-17, -1.227136992387512*^-17, -1.1497795665330457*^-17, -1.0896835181650747*^-17, -1.0448585467380153*^-17, -1.0138374087109527*^-17, -9.956152666387277*^-18, -9.896036250649377*^-18, -9.956152606992781*^-18, -1.0138374048392726*^-17, -1.0448585366909547*^-17, -1.0896835363054464*^-17, -1.149779560888667*^-17, -1.2271370173031118*^-17, -1.3243515069519306*^-17, -1.4447265713276757*^-17, -1.5923967149237974*^-17, -1.7724672884367513*^-17, -1.991161092416097*^-17, -2.2559502233474426*^-17, -2.5756298915769874*^-17, -2.960255878153162*^-17, -3.4208079715903054*^-17, -3.968352354430584*^-17, -4.61235795377703*^-17, -5.35770240432986*^-17, -6.199894238847185*^-17, -7.118386464322148*^-17, -8.06898065454341*^-17, -8.978531174832233*^-17, -9.747772550554129*^-17, -1.0268245770646726*^-16, -1.0452945972832207*^-16}"
0.362,"{11.262282325290597, 12.833878744330963, 14.24479767998486, 15.451556773966699, 16.443396772717907, 17.23388678323235, 17.850028120280072, 18.323190459556606, 18.683381220096333, 18.956486917913956, 19.16349075278482, 19.320746488098024, 19.4406865335819, 19.532617928763987, 19.603446022502443, 19.65827082149564, 19.70085228465068, 19.733961602538592, 19.759640947786163, 19.779392913042855, 19.794317241076556, 19.805208497024626, 19.81262481880068, 19.816935015904534, 19.818349031882438, 19.816935015904534, 19.81262481880068, 19.805208497024626, 19.794317241076556, 19.779392913042855, 19.759640947786163, 19.733961602538592, 19.70085228465068, 19.65827082149564, 19.603446022502443, 19.532617928763987, 19.4406865335819, 19.320746488098024, 19.16349075278482, 18.956486917913956, 18.683381220096333, 18.323190459556606, 17.850028120280072, 17.233886783232347, 16.443396772717904, 15.45155677396669, 14.244797679984854, 12.833878744330956, 11.262282325290597, 9.605997837943693, 7.960965987315478, 6.421422376010388, 5.0588332984311615, 3.9107629513421776, 2.982159709080839, 2.254752700511047, 1.6983094362209394, 1.279596747086106, 0.9677953695820501, 0.7369124821753533, 0.5662766406289628, 0.44005799963156156, 0.34642710200614607, 0.27668005971624154, 0.22447256526519963, 0.18520406425040334, 0.15554635756232543, 0.13309349895582775, 0.11610676295327062, 0.1033312680101549, 0.09386541344376449, 0.08706882102907243, 0.08249832072270495, 0.07986457033862204, 0.07900424837128327, 0.07986457033862203, 0.08249832072270492, 0.08706882102907243, 0.09386541344376452, 0.10333126801015494, 0.11610676295327077, 0.1330934989558279, 0.1555463575623256, 0.1852040642504036, 0.22447256526519951, 0.27668005971624143, 0.346427102006146, 0.4400579996315613, 0.566276640628963, 0.736912482175353, 0.9677953695820504, 1.279596747086108, 1.6983094362209448, 2.254752700511052, 2.982159709080843, 3.9107629513421873, 5.058833298431162, 6.421422376010385, 7.960965987315479, 9.60599783794369}","{7.96096598731548, 6.42142237601039, 5.058833298431166, 3.910762951342174, 2.98215970908084, 2.254752700511046, 1.698309436220944, 1.279596747086108, 0.9677953695820506, 0.7369124821753533, 0.5662766406289631, 0.4400579996315614, 0.34642710200614607, 0.2766800597162415, 0.22447256526519957, 0.1852040642504034, 0.1555463575623255, 0.13309349895582778, 0.11610676295327076, 0.10333126801015499, 0.09386541344376455, 0.0870688210290724, 0.08249832072270491, 0.07986457033862204, 0.07900424837128328, 0.07986457033862206, 0.08249832072270499, 0.08706882102907243, 0.0938654134437646, 0.10333126801015499, 0.11610676295327077, 0.13309349895582798, 0.15554635756232563, 0.18520406425040367, 0.22447256526519976, 0.2766800597162418, 0.3464271020061462, 0.44005799963156167, 0.5662766406289629, 0.7369124821753535, 0.9677953695820503, 1.2795967470861092, 1.6983094362209417, 2.2547527005110495, 2.982159709080842, 3.9107629513421824, 5.058833298431171, 6.421422376010398, 7.960965987315478, 9.605997837943695, 11.262282325290599, 12.833878744330967, 14.244797679984865, 15.451556773966697, 16.443396772717907, 17.23388678323235, 17.85002812028008, 18.323190459556606, 18.683381220096333, 18.956486917913956, 19.16349075278482, 19.320746488098024, 19.4406865335819, 19.532617928763987, 19.603446022502446, 19.658270821495645, 19.70085228465068, 19.733961602538592, 19.759640947786163, 19.779392913042855, 19.794317241076556, 19.805208497024626, 19.81262481880068, 19.816935015904534, 19.818349031882438, 19.816935015904534, 19.81262481880068, 19.805208497024626, 19.794317241076556, 19.779392913042855, 19.759640947786163, 19.733961602538592, 19.70085228465068, 19.658270821495645, 19.603446022502446, 19.532617928763987, 19.4406865335819, 19.320746488098024, 19.16349075278482, 18.956486917913956, 18.683381220096333, 18.323190459556606, 17.85002812028007, 17.233886783232343, 16.443396772717904, 15.451556773966683, 14.244797679984863, 12.833878744330969, 11.262282325290597, 9.605997837943697}","{-3.3213636686883146*^-15, -3.1843080718180382*^-15, -2.977652746972748*^-15, -2.726703193833435*^-15, -2.45630626416698*^-15, -2.1865664084714836*^-15, -1.9313000046830006*^-15, -1.6984753475876144*^-15, -1.4915639512794813*^-15, -1.3110204744289985*^-15, -1.1555119441668629*^-15, -1.0227981585840952*^-15, -9.103009377866003*^-16, -8.154412271116476*^-16, -7.358200247079079*^-16, -6.693016781286497*^-16, -6.140399914997721*^-16, -5.684731916919321*^-16, -5.313037524210661*^-16, -5.014724747004807*^-16, -4.781321074866664*^-16, -4.606233735135677*^-16, -4.484546596149361*^-16, -4.4128619033688385*^-16, -4.389185968675555*^-16, -4.4128619683863205*^-16, -4.484546605476241*^-16, -4.606233726473645*^-16, -4.781321088498165*^-16, -5.014724744469077*^-16, -5.313037525667182*^-16, -5.684731936861906*^-16, -6.14039993020845*^-16, -6.693016774743322*^-16, -7.358200256982991*^-16, -8.15441228156243*^-16, -9.1030093804984*^-16, -1.0227981593258863*^-15, -1.155511944204157*^-15, -1.3110204742989295*^-15, -1.491563951038388*^-15, -1.698475347550306*^-15, -1.931300004740234*^-15, -2.186566408441264*^-15, -2.4563062641964392*^-15, -2.7267031937977564*^-15, -2.9776527470643946*^-15, -3.184308071884735*^-15, -3.321363668745728*^-15, -3.3694791449021976*^-15, -3.321363668685194*^-15, -3.1843080718552977*^-15, -2.9776527470320703*^-15, -2.726703193835833*^-15, -2.4563062641834483*^-15, -2.1865664085100084*^-15, -1.931300004767756*^-15, -1.6984753476025933*^-15, -1.4915639512352956*^-15, -1.3110204745123621*^-15, -1.1555119447279339*^-15, -1.0227981586639563*^-15, -9.103009398254697*^-16, -8.154412280819307*^-16, -7.358200252360897*^-16, -6.69301681538882*^-16, -6.1403998843354*^-16, -5.684731877707633*^-16, -5.313037552772553*^-16, -5.014724733140096*^-16, -4.781321125431497*^-16, -4.606233721016187*^-16, -4.484546606029512*^-16, -4.412861856370979*^-16, -4.3891859734316094*^-16, -4.412861870305994*^-16, -4.484546660066819*^-16, -4.606233688676913*^-16, -4.781321143029303*^-16, -5.014724760490637*^-16, -5.313037511368494*^-16, -5.684731877649754*^-16, -6.140399856550843*^-16, -6.693016828535873*^-16, -7.358200237851465*^-16, -8.154412301688788*^-16, -9.103009412866704*^-16, -1.0227981591861396*^-15, -1.1555119439361463*^-15, -1.3110204746498496*^-15, -1.491563951278347*^-15, -1.6984753475163424*^-15, -1.931300004904273*^-15, -2.1865664085019526*^-15, -2.4563062641388745*^-15, -2.7267031937763435*^-15, -2.977652747001371*^-15, -3.1843080718288236*^-15, -3.3213636686013852*^-15, -3.3694791448416226*^-15}","{-3.321363668687914*^-15, -3.1843080718182844*^-15, -2.9776527469730193*^-15, -2.7267031938334224*^-15, -2.456306264167065*^-15, -2.1865664084715215*^-15, -1.9313000046832783*^-15, -1.6984753475878732*^-15, -1.4915639512792951*^-15, -1.3110204744285883*^-15, -1.1555119441670206*^-15, -1.0227981585839879*^-15, -9.103009377866571*^-16, -8.154412271117833*^-16, -7.358200247079536*^-16, -6.693016781286489*^-16, -6.140399914998881*^-16, -5.684731916919762*^-16, -5.313037524210929*^-16, -5.014724747004855*^-16, -4.781321074866483*^-16, -4.606233735135716*^-16, -4.484546596149096*^-16, -4.412861903369643*^-16, -4.3891859686755867*^-16, -4.412861968385137*^-16, -4.484546605475921*^-16, -4.606233726473188*^-16, -4.78132108849766*^-16, -5.01472474446914*^-16, -5.313037525667324*^-16, -5.684731936860423*^-16, -6.140399930209018*^-16, -6.693016774745073*^-16, -7.358200256983156*^-16, -8.154412281561373*^-16, -9.103009380498748*^-16, -1.0227981593258327*^-15, -1.1555119442043527*^-15, -1.311020474298797*^-15, -1.491563951038377*^-15, -1.6984753475508598*^-15, -1.9313000047401804*^-15, -2.1865664084410304*^-15, -2.456306264196818*^-15, -2.7267031937984727*^-15, -2.977652747064587*^-15, -3.1843080718847065*^-15, -3.3213636687457026*^-15, -3.3694791449022513*^-15, -3.3213636686857776*^-15, -3.1843080718551084*^-15, -2.9776527470320703*^-15, -2.726703193835202*^-15, -2.4563062641834956*^-15, -2.1865664085098633*^-15, -1.9313000047671563*^-15, -1.6984753476025286*^-15, -1.4915639512352562*^-15, -1.3110204745121791*^-15, -1.1555119447282573*^-15, -1.0227981586639957*^-15, -9.103009398252914*^-16, -8.154412280820057*^-16, -7.358200252360487*^-16, -6.693016815388441*^-16, -6.140399884336378*^-16, -5.684731877708524*^-16, -5.313037552772916*^-16, -5.0147247331403325*^-16, -4.781321125431473*^-16, -4.606233721016226*^-16, -4.484546606029197*^-16, -4.4128618563721385*^-16, -4.389185973431278*^-16, -4.412861870306609*^-16, -4.484546660067328*^-16, -4.606233688677087*^-16, -4.781321143028506*^-16, -5.014724760491079*^-16, -5.313037511368155*^-16, -5.684731877650369*^-16, -6.14039985654992*^-16, -6.693016828536244*^-16, -7.358200237852562*^-16, -8.154412301688094*^-16, -9.103009412867746*^-16, -1.022798159186007*^-15, -1.1555119439362867*^-15, -1.3110204746500326*^-15, -1.4915639512784637*^-15, -1.6984753475159322*^-15, -1.9313000049042635*^-15, -2.1865664085024574*^-15, -2.4563062641386662*^-15, -2.7267031937765455*^-15, -2.9776527470014183*^-15, -3.184308071828975*^-15, -3.3213636686016187*^-15, -3.3694791448412597*^-15}"
0.401,"{11.186039123840125, 12.627712743444535, 13.943133208087815, 15.094082507178054, 16.066004229867, 16.863659417298635, 17.50421580638184, 18.01065183716135, 18.406926187526317, 18.715126594694656, 18.954180357018895, 19.139565067036198, 19.28355323014548, 19.395679780676442, 19.483255065839547, 19.551836802540766, 19.605628103080903, 19.647796591526646, 19.680722168678294, 19.706185200021217, 19.72550706891925, 19.739653508902002, 19.749309092593883, 19.754929248012566, 19.756774392285337, 19.754929248012566, 19.749309092593883, 19.739653508902002, 19.72550706891925, 19.706185200021217, 19.680722168678294, 19.647796591526646, 19.605628103080903, 19.551836802540766, 19.483255065839547, 19.395679780676442, 19.28355323014548, 19.139565067036198, 18.954180357018895, 18.715126594694656, 18.406926187526317, 18.010651837161348, 17.504215806381843, 16.86365941729863, 16.066004229866998, 15.094082507178046, 13.94313320808781, 12.627712743444524, 11.186039123840128, 9.6784425164908, 8.178402355720406, 6.758428641483498, 5.476230483897813, 4.366467001551422, 3.4400073530166555, 2.688889530904751, 2.093535505138046, 1.6293837645199754, 1.2715977418668658, 0.9977374009305561, 0.7888749107750814, 0.6297437001234761, 0.5083926563741231, 0.4156513515797307, 0.344575485614422, 0.28995120992950385, 0.24788503474432788, 0.21547983859361597, 0.19058640457722645, 0.17161675352794498, 0.15740610841043665, 0.14711233478584282, 0.14014404520604046, 0.13611075138750423, 0.13479034167961262, 0.13611075138750423, 0.14014404520604035, 0.14711233478584282, 0.15740610841043684, 0.17161675352794503, 0.19058640457722661, 0.21547983859361614, 0.24788503474432805, 0.2899512099295043, 0.3445754856144217, 0.41565135157973065, 0.5083926563741228, 0.6297437001234758, 0.788874910775082, 0.9977374009305555, 1.2715977418668662, 1.6293837645199782, 2.0935355051380524, 2.688889530904757, 3.4400073530166586, 4.36646700155143, 5.476230483897814, 6.758428641483495, 8.178402355720408, 9.678442516490799}","{8.178402355720408, 6.758428641483495, 5.476230483897814, 4.366467001551416, 3.4400073530166546, 2.688889530904749, 2.0935355051380498, 1.6293837645199767, 1.2715977418668658, 0.9977374009305553, 0.7888749107750818, 0.6297437001234755, 0.5083926563741225, 0.41565135157973043, 0.3445754856144215, 0.28995120992950374, 0.24788503474432771, 0.21547983859361586, 0.19058640457722648, 0.17161675352794503, 0.15740610841043667, 0.14711233478584274, 0.1401440452060402, 0.13611075138750414, 0.13479034167961257, 0.13611075138750414, 0.14014404520604037, 0.14711233478584276, 0.15740610841043678, 0.17161675352794503, 0.19058640457722636, 0.21547983859361605, 0.24788503474432788, 0.28995120992950413, 0.344575485614422, 0.4156513515797308, 0.5083926563741228, 0.6297437001234758, 0.7888749107750812, 0.9977374009305559, 1.2715977418668654, 1.6293837645199785, 2.0935355051380475, 2.6888895309047522, 3.440007353016657, 4.366467001551424, 5.476230483897819, 6.758428641483506, 8.178402355720404, 9.6784425164908, 11.186039123840127, 12.627712743444533, 13.943133208087817, 15.09408250717805, 16.066004229867, 16.863659417298635, 17.504215806381843, 18.01065183716135, 18.406926187526317, 18.715126594694652, 18.954180357018895, 19.139565067036195, 19.28355323014548, 19.395679780676442, 19.48325506583955, 19.551836802540766, 19.605628103080903, 19.647796591526646, 19.680722168678294, 19.706185200021217, 19.72550706891925, 19.739653508902002, 19.749309092593883, 19.754929248012566, 19.756774392285337, 19.754929248012566, 19.749309092593883, 19.739653508902002, 19.72550706891925, 19.706185200021217, 19.680722168678294, 19.647796591526646, 19.605628103080903, 19.551836802540766, 19.48325506583955, 19.395679780676442, 19.28355323014548, 19.139565067036195, 18.954180357018895, 18.715126594694652, 18.406926187526317, 18.010651837161348, 17.504215806381836, 16.863659417298624, 16.066004229866994, 15.09408250717804, 13.943133208087815, 12.627712743444533, 11.186039123840125, 9.678442516490803}","{1.7955354660033858*^-14, 1.7342304664906592*^-14, 1.6403731791928453*^-14, 1.5240179029650687*^-14, 1.3955816134312007*^-14, 1.2641075129627087*^-14, 1.1364050133985467*^-14, 1.0169463734200567*^-14, 9.082114843371884*^-15, 8.111954085673113*^-15, 7.258996450901145*^-15, 6.517282870065645*^-15, 5.87773731883258*^-15, 5.3300654917736625*^-15, 4.863927858760164*^-15, 4.469609511755671*^-15, 4.138362975215297*^-15, 3.86254358238854*^-15, 3.6356337195657175*^-15, 3.452196441289683*^-15, 3.307806334511675*^-15, 3.198971377273893*^-15, 3.1230614751520408*^-15, 3.0782587826942304*^-15, 3.061881976548936*^-15, 3.07825878343215*^-15, 3.123061400401197*^-15, 3.198971571686631*^-15, 3.3078062447668698*^-15, 3.4521964677960656*^-15, 3.635633800294991*^-15, 3.862543661413823*^-15, 4.138362953114418*^-15, 4.4696097941825166*^-15, 4.863927809506112*^-15, 5.3300655253656065*^-15, 5.877737345254296*^-15, 6.5172828825019295*^-15, 7.25899648565606*^-15, 8.111954086866426*^-15, 9.08211483938835*^-15, 1.0169463735926822*^-14, 1.1364050134233662*^-14, 1.2641075131396559*^-14, 1.3955816137548836*^-14, 1.5240179029342918*^-14, 1.640373179090619*^-14, 1.7342304666302257*^-14, 1.7955354662808427*^-14, 1.816883387494483*^-14, 1.7955354662739765*^-14, 1.7342304665263637*^-14, 1.6403731789484473*^-14, 1.5240179028466663*^-14, 1.3955816133920631*^-14, 1.2641075129341936*^-14, 1.1364050133308334*^-14, 1.0169463735405593*^-14, 9.082114845305237*^-15, 8.111954089869096*^-15, 7.258996462495306*^-15, 6.517282851084515*^-15, 5.877737321639259*^-15, 5.330065388032875*^-15, 4.8639278387589425*^-15, 4.469609679210924*^-15, 4.138362886876507*^-15, 3.8625438011363115*^-15, 3.635633968494373*^-15, 3.452196587377433*^-15, 3.3078064860009385*^-15, 3.1989715093748488*^-15, 3.123061066652197*^-15, 3.0782585513009554*^-15, 3.061882009226104*^-15, 3.078258551253952*^-15, 3.123061466829192*^-15, 3.1989714989192232*^-15, 3.3078063220341925*^-15, 3.452196522241554*^-15, 3.635633997255409*^-15, 3.862543861153455*^-15, 4.13836316145483*^-15, 4.4696096441622255*^-15, 4.8639277960472615*^-15, 5.330065326229548*^-15, 5.877737345880639*^-15, 6.517282873386383*^-15, 7.258996483446845*^-15, 8.111954080940251*^-15, 9.082114838351346*^-15, 1.016946373572144*^-14, 1.13640501344449*^-14, 1.264107513016225*^-14, 1.3955816137268532*^-14, 1.5240179029223768*^-14, 1.6403731794171897*^-14, 1.7342304666565598*^-14, 1.7955354661709424*^-14, 1.816883387339851*^-14}","{1.795535466003305*^-14, 1.7342304664905178*^-14, 1.640373179192724*^-14, 1.524017902965089*^-14, 1.3955816134310593*^-14, 1.2641075129625674*^-14, 1.1364050133985871*^-14, 1.016946373419986*^-14, 9.082114843370773*^-15, 8.11195408567271*^-15, 7.258996450900338*^-15, 6.517282870064736*^-15, 5.877737318832378*^-15, 5.330065491773511*^-15, 4.86392785875976*^-15, 4.469609511755823*^-15, 4.138362975214994*^-15, 3.862543582388489*^-15, 3.6356337195657175*^-15, 3.4521964412892285*^-15, 3.307806334511877*^-15, 3.1989713772739434*^-15, 3.1230614751517883*^-15, 3.0782587826943314*^-15, 3.061881976548835*^-15, 3.0782587834319984*^-15, 3.123061400400995*^-15, 3.1989715716864794*^-15, 3.3078062447668193*^-15, 3.452196467795813*^-15, 3.6356338002947385*^-15, 3.862543661413773*^-15, 4.138362953114166*^-15, 4.4696097941829205*^-15, 4.863927809505557*^-15, 5.33006552536495*^-15, 5.877737345254296*^-15, 6.5172828825016266*^-15, 7.258996485655757*^-15, 8.11195408686673*^-15, 9.082114839388149*^-15, 1.0169463735926216*^-14, 1.1364050134234065*^-14, 1.2641075131396761*^-14, 1.3955816137547826*^-14, 1.5240179029342514*^-14, 1.6403731790905382*^-14, 1.7342304666302257*^-14, 1.795535466280661*^-14, 1.8168833874944627*^-14, 1.7955354662739563*^-14, 1.7342304665263233*^-14, 1.640373178948427*^-14, 1.5240179028466663*^-14, 1.3955816133921035*^-14, 1.2641075129341532*^-14, 1.1364050133308132*^-14, 1.0169463735403877*^-14, 9.082114845305136*^-15, 8.111954089868591*^-15, 7.258996462495205*^-15, 6.517282851085222*^-15, 5.877737321638249*^-15, 5.330065388033026*^-15, 4.863927838759245*^-15, 4.469609679210975*^-15, 4.138362886876456*^-15, 3.86254380113616*^-15, 3.635633968494626*^-15, 3.452196587377231*^-15, 3.3078064860014434*^-15, 3.198971509374546*^-15, 3.123061066651894*^-15, 3.078258551300804*^-15, 3.0618820092256498*^-15, 3.0782585512536995*^-15, 3.123061466829091*^-15, 3.1989714989191222*^-15, 3.3078063220342935*^-15, 3.4521965222412006*^-15, 3.635633997255106*^-15, 3.862543861153152*^-15, 4.138363161454678*^-15, 4.46960964416268*^-15, 4.8639277960473625*^-15, 5.330065326229195*^-15, 5.877737345880134*^-15, 6.517282873386282*^-15, 7.258996483446441*^-15, 8.111954080940251*^-15, 9.082114838351144*^-15, 1.0169463735721642*^-14, 1.1364050134445102*^-14, 1.2641075130161443*^-14, 1.3955816137267724*^-14, 1.5240179029223768*^-14, 1.6403731794170686*^-14, 1.7342304666564386*^-14, 1.7955354661707606*^-14, 1.8168833873396895*^-14}"
0.44000000000000006,"{11.108369360179777, 12.43797816128196, 13.666850673858898, 14.761831483570234, 15.70708172335985, 16.50194346712324, 17.156601011511743, 17.68739727535675, 18.112979920257953, 18.451687740186504, 18.720084648583025, 18.932340907389353, 19.100146120971885, 19.232906632845324, 19.338062993485572, 19.421431557628797, 19.48752131977527, 19.539805801458165, 19.58094557123837, 19.61296462972704, 19.63738688431965, 19.65533947431879, 19.667629077498624, 19.674796235503504, 19.677151526265256, 19.6747962355035, 19.66762907749862, 19.65533947431878, 19.637386884319646, 19.612964629727042, 19.580945571238367, 19.53980580145817, 19.48752131977527, 19.421431557628797, 19.338062993485575, 19.23290663284532, 19.100146120971882, 18.932340907389353, 18.72008464858303, 18.4516877401865, 18.11297992025795, 17.68739727535675, 17.156601011511743, 16.501943467123237, 15.707081723359849, 14.761831483570226, 13.666850673858892, 12.43797816128195, 11.10836936017978, 9.726606857165441, 8.350215677855022, 7.036128083083025, 5.831300196525767, 4.76661456303013, 3.855454790062571, 3.096228440084863, 2.4769366675752083, 1.979932869616989, 1.5857420420650192, 1.2755847436575132, 1.0327397489594512, 0.8430692852917978, 0.6950317328585244, 0.5794301128211917, 0.48905777613657114, 0.4183332015743278, 0.36296899789546944, 0.31969222898247507, 0.28601820241140746, 0.2600728859409259, 0.2404566418577347, 0.2261418055281608, 0.21639752082585037, 0.21073651045328484, 0.20887978083611802, 0.21073651045328484, 0.21639752082585037, 0.22614180552816082, 0.2404566418577349, 0.26007288594092615, 0.2860182024114077, 0.31969222898247524, 0.36296899789546977, 0.41833320157432835, 0.4890577761365711, 0.5794301128211914, 0.6950317328585238, 0.8430692852917974, 1.0327397489594516, 1.2755847436575125, 1.5857420420650197, 1.9799328696169924, 2.4769366675752127, 3.0962284400848694, 3.855454790062574, 4.766614563030137, 5.831300196525767, 7.036128083083021, 8.350215677855028, 9.72660685716544}","{8.350215677855031, 7.036128083083029, 5.831300196525774, 4.766614563030131, 3.8554547900625753, 3.096228440084865, 2.476936667575215, 1.9799328696169936, 1.585742042065022, 1.2755847436575143, 1.032739748959453, 0.8430692852917985, 0.6950317328585253, 0.5794301128211927, 0.48905777613657236, 0.4183332015743291, 0.36296899789547055, 0.3196922289824761, 0.2860182024114087, 0.2600728859409271, 0.2404566418577359, 0.22614180552816196, 0.21639752082585134, 0.21073651045328584, 0.20887978083611897, 0.21073651045328579, 0.21639752082585129, 0.22614180552816182, 0.24045664185773608, 0.2600728859409271, 0.28601820241140863, 0.31969222898247646, 0.3629689978954707, 0.41833320157432946, 0.4890577761365724, 0.5794301128211932, 0.6950317328585255, 0.843069285291799, 1.0327397489594525, 1.2755847436575145, 1.5857420420650215, 1.9799328696169955, 2.476936667575212, 3.096228440084868, 3.8554547900625766, 4.766614563030137, 5.8313001965257785, 7.03612808308304, 8.350215677855028, 9.726606857165448, 11.108369360179784, 12.437978161281965, 13.666850673858903, 14.761831483570234, 15.707081723359854, 16.501943467123237, 17.156601011511746, 17.68739727535676, 18.112979920257953, 18.451687740186507, 18.720084648583033, 18.932340907389353, 19.10014612097189, 19.232906632845328, 19.33806299348558, 19.421431557628797, 19.487521319775272, 19.539805801458165, 19.58094557123837, 19.612964629727042, 19.637386884319657, 19.655339474318783, 19.66762907749863, 19.67479623550351, 19.677151526265256, 19.674796235503507, 19.667629077498628, 19.655339474318783, 19.637386884319646, 19.612964629727042, 19.58094557123837, 19.539805801458172, 19.48752131977527, 19.4214315576288, 19.33806299348558, 19.232906632845328, 19.10014612097189, 18.932340907389356, 18.72008464858303, 18.451687740186507, 18.11297992025795, 17.687397275356755, 17.156601011511743, 16.501943467123233, 15.707081723359853, 14.761831483570228, 13.666850673858905, 12.437978161281968, 11.10836936017978, 9.72660685716545}","{-7.215965871935926*^-11, -7.009084095654228*^-11, -6.688596457576639*^-11, -6.28479763856159*^-11, -5.830414766968785*^-11, -5.355445159688107*^-11, -4.8840930057938564*^-11, -4.433760633750918*^-11, -4.015519810041125*^-11, -3.6352518906687535*^-11, -3.2950766457823185*^-11, -2.9944957993625457*^-11, -2.7315805211456617*^-11, -2.5033855318335275*^-11, -2.3065981146511746*^-11, -2.138573035658396*^-11, -1.9958181604402525*^-11, -1.8758852430314132*^-11, -1.7767515791198722*^-11, -1.6955995912351452*^-11, -1.6317610686711093*^-11, -1.583471497338735*^-11, -1.549490124061771*^-11, -1.5291290158420262*^-11, -1.522653667076055*^-11, -1.5291155082980078*^-11, -1.5492036216404474*^-11, -1.5831775124470528*^-11, -1.631783728871169*^-11, -1.695684571685485*^-11, -1.7766144807390902*^-11, -1.8760556380792472*^-11, -1.9957844700058938*^-11, -2.1385285490777814*^-11, -2.3067280618182675*^-11, -2.5032484997884043*^-11, -2.7314993784382262*^-11, -2.9944516250348976*^-11, -3.2950732402395666*^-11, -3.6352407475393994*^-11, -4.015506297608514*^-11, -4.433758872047517*^-11, -4.884092956645809*^-11, -5.3554470658534946*^-11, -5.830415081633987*^-11, -6.28479786685341*^-11, -6.688596177434973*^-11, -7.009083937907685*^-11, -7.215965410253483*^-11, -7.287560034583057*^-11, -7.21596531474326*^-11, -7.009083414903005*^-11, -6.688595598310926*^-11, -6.28479791818874*^-11, -5.830413697934923*^-11, -5.3554466738598013*^-11, -4.884090894564569*^-11, -4.433763431834231*^-11, -4.015512073156287*^-11, -3.6352549862694346*^-11, -3.2950480536791846*^-11, -2.9945365012612996*^-11, -2.7316475204420812*^-11, -2.503350659383619*^-11, -2.3067758238489964*^-11, -2.1385114488230678*^-11, -1.9958487076287172*^-11, -1.8758510429328982*^-11, -1.776607639268062*^-11, -1.6957438919278495*^-11, -1.632121771177921*^-11, -1.5832505100813455*^-11, -1.5497534741083476*^-11, -1.5295597525189533*^-11, -1.522666196400245*^-11, -1.5294221669814884*^-11, -1.5496579778752194*^-11, -1.5831994142440992*^-11, -1.6315297187479886*^-11, -1.6957097809275212*^-11, -1.7765762585222713*^-11, -1.8760393097866862*^-11, -1.9957174687419593*^-11, -2.1387172182477994*^-11, -2.306809449686443*^-11, -2.503321551602032*^-11, -2.73161345477915*^-11, -2.994531081035156*^-11, -3.295128506595725*^-11, -3.6352481119090266*^-11, -4.015509304453155*^-11, -4.433763012569494*^-11, -4.884091762768475*^-11, -5.3554453681162727*^-11, -5.830414201169126*^-11, -6.28479791249765*^-11, -6.688595819125328*^-11, -7.009084182939686*^-11, -7.215965094107664*^-11, -7.287559704011275*^-11}","{-7.215965871932736*^-11, -7.009084095653205*^-11, -6.688596457575295*^-11, -6.284797638558183*^-11, -5.830414766966673*^-11, -5.3554451596853543*^-11, -4.884093005792497*^-11, -4.4337606337508973*^-11, -4.0155198100388475*^-11, -3.635251890667487*^-11, -3.2950766457817575*^-11, -2.994495799361632*^-11, -2.7315805211445127*^-11, -2.5033855318328787*^-11, -2.3065981146490097*^-11, -2.1385730356576915*^-11, -1.9958181604386718*^-11, -1.8758852430299463*^-11, -1.776751579119067*^-11, -1.6955995912347032*^-11, -1.6317610686704696*^-11, -1.5834714973385735*^-11, -1.5494901240615164*^-11, -1.5291290158411964*^-11, -1.5226536670760835*^-11, -1.5291155082976007*^-11, -1.5492036216397585*^-11, -1.5831775124462244*^-11, -1.6317837288706933*^-11, -1.6956845716849472*^-11, -1.7766144807382863*^-11, -1.876055638078614*^-11, -1.9957844700051687*^-11, -2.138528549077015*^-11, -2.3067280618172542*^-11, -2.5032484997879816*^-11, -2.7314993784359295*^-11, -2.9944516250338856*^-11, -3.295073240238747*^-11, -3.635240747538497*^-11, -4.0155062976076147*^-11, -4.4337588720460797*^-11, -4.884092956643692*^-11, -5.3554470658528354*^-11, -5.830415081633695*^-11, -6.284797866851859*^-11, -6.688596177431964*^-11, -7.009083937903307*^-11, -7.215965410250107*^-11, -7.287560034581532*^-11, -7.215965314743286*^-11, -7.009083414901035*^-11, -6.688595598308801*^-11, -6.284797918187354*^-11, -5.83041369793461*^-11, -5.3554466738588217*^-11, -4.8840908945605777*^-11, -4.433763431834252*^-11, -4.0155120731571504*^-11, -3.6352549862689616*^-11, -3.2950480536782256*^-11, -2.9945365012622314*^-11, -2.731647520440741*^-11, -2.503350659383252*^-11, -2.3067758238481033*^-11, -2.1385114488225404*^-11, -1.9958487076281524*^-11, -1.8758510429317673*^-11, -1.7766076392669826*^-11, -1.6957438919267806*^-11, -1.6321217711773355*^-11, -1.583250510080362*^-11, -1.5497534741077246*^-11, -1.529559752518324*^-11, -1.5226661964001417*^-11, -1.5294221669806806*^-11, -1.5496579778742216*^-11, -1.5831994142436378*^-11, -1.6315297187483065*^-11, -1.6957097809264627*^-11, -1.7765762585215695*^-11, -1.8760393097865634*^-11, -1.9957174687416104*^-11, -2.1387172182465444*^-11, -2.3068094496857838*^-11, -2.5033215516015174*^-11, -2.7316134547795055*^-11, -2.994531081032469*^-11, -3.2951285065948304*^-11, -3.6352481119071654*^-11, -4.015509304450883*^-11, -4.433763012569161*^-11, -4.8840917627672574*^-11, -5.355445368114864*^-11, -5.830414201167568*^-11, -6.28479791249507*^-11, -6.688595819123394*^-11, -7.009084182936238*^-11, -7.21596509410725*^-11, -7.287559704009372*^-11}"
0.479,"{11.034718196533825, 12.267193266887443, 13.41804557087371, 14.458634381509247, 15.373183341965278, 16.157837295144944, 16.817953796362, 17.36481636730224, 17.812652181793524, 18.176384671759045, 18.47018846847463, 18.706715063253036, 18.896794279038723, 19.04943079805588, 19.17195873360652, 19.27026314312081, 19.349014191915213, 19.41188524947687, 19.461742243667167, 19.50080078367583, 19.5307522857715, 19.552862369463178, 19.568045312975315, 19.576918090177337, 19.579836872486723, 19.576918090177337, 19.568045312975315, 19.552862369463178, 19.5307522857715, 19.50080078367583, 19.461742243667167, 19.411885249476867, 19.349014191915213, 19.270263143120808, 19.17195873360652, 19.049430798055877, 18.896794279038723, 18.70671506325304, 18.47018846847463, 18.176384671759042, 17.812652181793528, 17.364816367302236, 16.81795379636201, 16.15783729514494, 15.373183341965277, 14.458634381509242, 13.418045570873705, 12.267193266887435, 11.034718196533829, 9.760295528809058, 8.489865371855922, 7.268983386822688, 6.136257559079983, 5.118803062010731, 4.230692964038686, 3.474153018634257, 2.842440163442439, 2.3232069003856335, 1.9014873032572446, 1.5619031312084664, 1.2900486897613082, 1.0732037040205678, 0.9005784036807857, 0.7632748654008836, 0.6541014661545118, 0.567329836827635, 0.49844647325767527, 0.44392573351581033, 0.4010352641377049, 0.3676761011819886, 0.34225530979176416, 0.3235872624703521, 0.31081933655499827, 0.303378223075197, 0.30093377991067055, 0.303378223075197, 0.3108193365549982, 0.3235872624703521, 0.3422553097917643, 0.3676761011819888, 0.40103526413770524, 0.44392573351581066, 0.49844647325767577, 0.5673298368276356, 0.6541014661545116, 0.7632748654008835, 0.900578403680785, 1.0732037040205673, 1.2900486897613084, 1.561903131208466, 1.9014873032572452, 2.323206900385638, 2.8424401634424448, 3.4741530186342633, 4.230692964038689, 5.118803062010739, 6.136257559079984, 7.268983386822687, 8.489865371855924, 9.760295528809054}","{8.489865371855908, 7.268983386822675, 6.136257559079971, 5.118803062010715, 4.230692964038676, 3.474153018634247, 2.8424401634424363, 2.32320690038563, 1.9014873032572392, 1.5619031312084615, 1.2900486897613042, 1.073203704020564, 0.9005784036807825, 0.7632748654008811, 0.6541014661545096, 0.567329836827633, 0.4984464732576736, 0.44392573351580866, 0.40103526413770396, 0.36767610118198746, 0.34225530979176316, 0.32358726247035074, 0.3108193365549971, 0.30337822307519585, 0.30093377991066955, 0.30337822307519585, 0.3108193365549971, 0.3235872624703509, 0.3422553097917634, 0.36767610118198746, 0.40103526413770374, 0.4439257335158091, 0.49844647325767394, 0.5673298368276337, 0.6541014661545098, 0.7632748654008817, 0.900578403680783, 1.0732037040205644, 1.290048689761304, 1.5619031312084621, 1.901487303257239, 2.3232069003856317, 2.8424401634424328, 3.4741530186342504, 4.230692964038678, 5.118803062010721, 6.136257559079977, 7.268983386822684, 8.489865371855904, 9.76029552880904, 11.034718196533811, 12.26719326688743, 13.418045570873698, 14.458634381509231, 15.373183341965268, 16.157837295144933, 16.817953796362, 17.364816367302236, 17.81265218179352, 18.17638467175904, 18.47018846847462, 18.706715063253036, 18.89679427903872, 19.049430798055873, 19.17195873360652, 19.270263143120808, 19.34901419191521, 19.411885249476867, 19.461742243667167, 19.50080078367583, 19.5307522857715, 19.552862369463178, 19.56804531297531, 19.576918090177337, 19.579836872486723, 19.576918090177337, 19.56804531297531, 19.552862369463178, 19.5307522857715, 19.50080078367583, 19.461742243667167, 19.411885249476867, 19.34901419191521, 19.270263143120808, 19.17195873360652, 19.049430798055873, 18.89679427903872, 18.706715063253036, 18.47018846847462, 18.17638467175904, 17.81265218179352, 17.36481636730223, 16.817953796361994, 16.157837295144926, 15.373183341965264, 14.458634381509222, 13.418045570873698, 12.267193266887432, 11.03471819653381, 9.760295528809046}","{-2.067664687364653*^-18, -2.0172443828541596*^-18, -1.938409191028194*^-18, -1.8377942117563766*^-18, -1.7228070861485153*^-18, -1.6005345840725877*^-18, -1.4770023725995765*^-18, -1.3568381746968546*^-18, -1.2432542704154893*^-18, -1.1382290422050787*^-18, -1.042766704434697*^-18, -9.57166139406328*^-19, -8.812535794952083*^-19, -8.145645506931561*^-19, -7.564795648489487*^-19, -7.063174296468509*^-19, -6.633971852551337*^-19, -6.2707663767011125*^-19, -5.96774861811374*^-19, -5.7198455063157925*^-19, -5.522775393040302*^-19, -5.373058382148236*^-19, -5.267839617036795*^-19, -5.206525791993172*^-19, -5.192339324207561*^-19, -5.206524375687338*^-19, -5.267839430151683*^-19, -5.373056768651139*^-19, -5.522775747016102*^-19, -5.71984554243163*^-19, -5.967747058898712*^-19, -6.270766382723846*^-19, -6.633972560060195*^-19, -7.063173582708587*^-19, -7.564795692159452*^-19, -8.145644432515758*^-19, -8.812536081937473*^-19, -9.57166288146717*^-19, -1.0427666250830618*^-18, -1.1382288898767825*^-18, -1.2432543986794626*^-18, -1.3568382630564428*^-18, -1.4770025017132182*^-18, -1.6005346175225665*^-18, -1.722807092262369*^-18, -1.8377941782457972*^-18, -1.9384092484428603*^-18, -2.0172443968099464*^-18, -2.067664624342935*^-18, -2.085028736225318*^-18, -2.0676646245137234*^-18, -2.01724430529225*^-18, -1.9384092258190406*^-18, -1.8377941687446787*^-18, -1.7228071354504475*^-18, -1.6005346419120811*^-18, -1.4770026545787383*^-18, -1.3568382480539855*^-18, -1.24325430847395*^-18, -1.1382289959446902*^-18, -1.0427665433492916*^-18, -9.571663427579704*^-19, -8.812536342082946*^-19, -8.14564558327544*^-19, -7.564795539238654*^-19, -7.063174218966969*^-19, -6.633972130881899*^-19, -6.270766801039936*^-19, -5.96774902926331*^-19, -5.719845714151066*^-19, -5.52277572494001*^-19, -5.373056602066139*^-19, -5.267837958472394*^-19, -5.2065255656516175*^-19, -5.192342029251073*^-19, -5.206524189637211*^-19, -5.267839466330787*^-19, -5.373056623783081*^-19, -5.522775370414601*^-19, -5.719845399304646*^-19, -5.967748636473599*^-19, -6.270766973014115*^-19, -6.633971880405184*^-19, -7.0631738768411495*^-19, -7.564796246796692*^-19, -8.145645051919862*^-19, -8.812536475749822*^-19, -9.571663419746924*^-19, -1.0427667293921378*^-18, -1.13822894369209*^-18, -1.2432541614117009*^-18, -1.3568381738241495*^-18, -1.4770025279118581*^-18, -1.600534660015888*^-18, -1.7228071898135388*^-18, -1.8377942282086324*^-18, -1.9384092736803188*^-18, -2.017244320405342*^-18, -2.0676646270235175*^-18, -2.0850287667249978*^-18}","{-2.0676646873650797*^-18, -2.0172443828543514*^-18, -1.9384091910281154*^-18, -1.837794211756533*^-18, -1.7228070861485153*^-18, -1.6005345840727834*^-18, -1.4770023725996574*^-18, -1.3568381746969479*^-18, -1.2432542704155617*^-18, -1.138229042205138*^-18, -1.0427667044347308*^-18, -9.5716613940637*^-19, -8.812535794952156*^-19, -8.145645506930606*^-19, -7.564795648490212*^-19, -7.063174296467985*^-19, -6.633971852551403*^-19, -6.27076637670171*^-19, -5.967748618114997*^-19, -5.719845506316769*^-19, -5.52277539303994*^-19, -5.37305838214844*^-19, -5.267839617036028*^-19, -5.206525791992723*^-19, -5.192339324207968*^-19, -5.206524375686591*^-19, -5.267839430151795*^-19, -5.373056768652198*^-19, -5.522775747016579*^-19, -5.719845542431041*^-19, -5.967747058899544*^-19, -6.27076638272416*^-19, -6.633972560061258*^-19, -7.063173582708013*^-19, -7.5647956921594675*^-19, -8.145644432514252*^-19, -8.812536081937462*^-19, -9.57166288146755*^-19, -1.0427666250832332*^-18, -1.1382288898766311*^-18, -1.2432543986794788*^-18, -1.356838263056365*^-18, -1.4770025017132983*^-18, -1.6005346175226497*^-18, -1.7228070922625286*^-18, -1.8377941782462194*^-18, -1.9384092484430537*^-18, -2.017244396810293*^-18, -2.0676646243430036*^-18, -2.085028736225281*^-18, -2.067664624513796*^-18, -2.017244305292371*^-18, -1.9384092258195915*^-18, -1.8377941687447973*^-18, -1.7228071354502133*^-18, -1.6005346419122406*^-18, -1.4770026545791566*^-18, -1.3568382480543483*^-18, -1.2432543084741387*^-18, -1.1382289959450153*^-18, -1.0427665433494996*^-18, -9.57166342758029*^-19, -8.812536342083531*^-19, -8.145645583277724*^-19, -7.564795539240403*^-19, -7.0631742189677475*^-19, -6.633972130881591*^-19, -6.270766801040044*^-19, -5.96774902926513*^-19, -5.719845714150791*^-19, -5.522775724940601*^-19, -5.373056602065858*^-19, -5.267837958472396*^-19, -5.206525565651916*^-19, -5.192342029250205*^-19, -5.206524189637398*^-19, -5.26783946633031*^-19, -5.373056623784435*^-19, -5.52277537041515*^-19, -5.7198453993037*^-19, -5.967748636473955*^-19, -6.270766973012199*^-19, -6.633971880404448*^-19, -7.063173876842028*^-19, -7.564796246795976*^-19, -8.14564505192156*^-19, -8.812536475750565*^-19, -9.57166341974675*^-19, -1.0427667293923127*^-18, -1.1382289436921894*^-18, -1.2432541614118291*^-18, -1.3568381738242466*^-18, -1.4770025279119352*^-18, -1.6005346600160837*^-18, -1.7228071898136497*^-18, -1.8377942282087056*^-18, -1.938409273680475*^-18, -2.017244320405274*^-18, -2.0676646270235144*^-18, -2.0850287667253545*^-18}"
0.518,"{10.966860546771724, 12.114626436576133, 13.195284930550935, 14.184078908215993, 15.065962020735812, 15.835292444031674, 16.494152018913724, 17.05005015345328, 17.51365349239024, 17.896922587279104, 18.211788355891073, 18.46933633521335, 18.679390228174093, 18.850371451924623, 18.9893283807533, 19.102056364405914, 19.19325588103052, 19.266696879878086, 19.325371864166087, 19.371629561332426, 19.407286522458122, 19.433716938193058, 19.451922304076362, 19.462582965073327, 19.466093434248968, 19.462582965073327, 19.451922304076362, 19.433716938193058, 19.407286522458122, 19.371629561332426, 19.325371864166087, 19.266696879878086, 19.19325588103052, 19.102056364405914, 18.9893283807533, 18.850371451924623, 18.679390228174093, 18.46933633521335, 18.211788355891073, 17.8969225872791, 17.51365349239024, 17.05005015345328, 16.494152018913727, 15.83529244403167, 15.06596202073581, 14.184078908215987, 13.19528493055093, 12.114626436576124, 10.966860546771725, 9.784823648997083, 8.605862091937402, 7.467060544550804, 6.400522223470218, 5.429936922551267, 4.569127282976154, 3.822523584739019, 3.1869693121558615, 2.654086027107662, 2.212562734455067, 1.8500037146841588, 1.5542181328964415, 1.3139959560832466, 1.1194865069214588, 0.9623067752703239, 0.8354869239010612, 0.7333315295573212, 0.6512481582508206, 0.5855740165626733, 0.5334170169503072, 0.49251848825707784, 0.46113947389737525, 0.4379697987296096, 0.4220578900932861, 0.41275905761052334, 0.40970015867158927, 0.41275905761052334, 0.422057890093286, 0.4379697987296097, 0.4611394738973756, 0.49251848825707817, 0.5334170169503073, 0.5855740165626738, 0.651248158250821, 0.7333315295573218, 0.8354869239010609, 0.9623067752703239, 1.1194865069214583, 1.3139959560832462, 1.5542181328964422, 1.8500037146841581, 2.212562734455068, 2.654086027107665, 3.1869693121558673, 3.822523584739025, 4.569127282976157, 5.429936922551275, 6.400522223470219, 7.467060544550803, 8.605862091937404, 9.78482364899708}","{8.60586209193741, 7.467060544550811, 6.400522223470226, 5.429936922551269, 4.56912728297616, 3.822523584739022, 3.1869693121558695, 2.6540860271076676, 2.2125627344550702, 1.8500037146841606, 1.5542181328964442, 1.3139959560832477, 1.11948650692146, 0.9623067752703254, 0.835486923901062, 0.7333315295573222, 0.6512481582508215, 0.5855740165626742, 0.5334170169503077, 0.4925184882570787, 0.4611394738973762, 0.43796979872961017, 0.4220578900932864, 0.412759057610524, 0.4097001586715899, 0.412759057610524, 0.4220578900932866, 0.4379697987296102, 0.46113947389737625, 0.4925184882570787, 0.5334170169503077, 0.5855740165626747, 0.6512481582508217, 0.7333315295573226, 0.8354869239010625, 0.9623067752703256, 1.1194865069214603, 1.3139959560832482, 1.5542181328964433, 1.8500037146841615, 2.21256273445507, 2.6540860271076694, 3.186969312155867, 3.822523584739027, 4.5691272829761616, 5.429936922551275, 6.40052222347023, 7.467060544550819, 8.605862091937409, 9.784823648997088, 10.966860546771732, 12.114626436576138, 13.195284930550942, 14.184078908215994, 15.06596202073582, 15.835292444031678, 16.494152018913734, 17.050050153453288, 17.51365349239024, 17.896922587279104, 18.211788355891077, 18.469336335213352, 18.679390228174093, 18.850371451924627, 18.989328380753303, 19.102056364405914, 19.19325588103052, 19.266696879878086, 19.32537186416609, 19.37162956133243, 19.407286522458122, 19.433716938193058, 19.451922304076362, 19.462582965073327, 19.466093434248968, 19.462582965073327, 19.451922304076362, 19.433716938193058, 19.407286522458122, 19.37162956133243, 19.32537186416609, 19.266696879878086, 19.19325588103052, 19.102056364405914, 18.9893283807533, 18.850371451924627, 18.679390228174093, 18.469336335213352, 18.211788355891073, 17.896922587279104, 17.51365349239024, 17.050050153453284, 16.494152018913724, 15.83529244403167, 15.065962020735814, 14.184078908215987, 13.19528493055094, 12.114626436576142, 10.96686054677173, 9.78482364899709}","{-1.6527380421645092*^-13, -1.6180158906034303*^-13, -1.5633261216652716*^-13, -1.492805967829824*^-13, -1.4111979759320875*^-13, -1.3231964412028962*^-13, -1.2329641187325058*^-13, -1.1438659848161309*^-13, -1.0583959127870709*^-13, -9.782371274566235*^-14, -9.04394021527923*^-14, -8.373466701152854*^-14, -7.771977695107124*^-14, -7.237971585296629*^-14, -6.768396078688884*^-14, -6.359373656632445*^-14, -6.006714913645518*^-14, -5.706266878913324*^-14, -5.4541389559257684*^-14, -5.246842799725399*^-14, -5.081373315738771*^-14, -4.955251562859394*^-14, -4.866544551780016*^-14, -4.8138718544587085*^-14, -4.7964059858733546*^-14, -4.813871854548323*^-14, -4.86654454341392*^-14, -4.955251544869705*^-14, -5.081373304128243*^-14, -5.2468427995988126*^-14, -5.454138969297372*^-14, -5.70626687305979*^-14, -6.006714915770869*^-14, -6.359373661470078*^-14, -6.768396082681202*^-14, -7.237971587419627*^-14, -7.771977712171127*^-14, -8.373466706434703*^-14, -9.04394019000355*^-14, -9.782371272738985*^-14, -1.0583959120144305*^-13, -1.143865986096317*^-13, -1.232964118212*^-13, -1.3231964413432393*^-13, -1.4111979756292194*^-13, -1.4928059681144087*^-13, -1.5633261213381394*^-13, -1.6180158905011757*^-13, -1.652738042277057*^-13, -1.6646502676734383*^-13, -1.652738042005483*^-13, -1.6180158901882547*^-13, -1.5633261211459451*^-13, -1.4928059679791477*^-13, -1.4111979755037186*^-13, -1.3231964407615067*^-13, -1.2329641181433022*^-13, -1.1438659857316952*^-13, -1.0583959120475228*^-13, -9.78237124750622*^-14, -9.043940200962038*^-14, -8.373466716838862*^-14, -7.771977703528614*^-14, -7.237971570592913*^-14, -6.768396067344908*^-14, -6.359373651104784*^-14, -6.006714895147712*^-14, -5.706266879432034*^-14, -5.45413898114004*^-14, -5.246842792360109*^-14, -5.081373322431255*^-14, -4.955251558941706*^-14, -4.866544540444905*^-14, -4.813871867378503*^-14, -4.796406015702894*^-14, -4.8138718670514024*^-14, -4.866544542742139*^-14, -4.955251558994061*^-14, -5.081373321825344*^-14, -5.2468427883102964*^-14, -5.4541389777928817*^-14, -5.706266852291887*^-14, -6.006714927002163*^-14, -6.359373629731707*^-14, -6.768396059025982*^-14, -7.237971571196971*^-14, -7.771977686269438*^-14, -8.373466718950848*^-14, -9.043940202389086*^-14, -9.782371274501894*^-14, -1.0583959110766155*^-13, -1.1438659857678904*^-13, -1.2329641188024668*^-13, -1.3231964417808453*^-13, -1.4111979752902218*^-13, -1.492805967407553*^-13, -1.5633261212811759*^-13, -1.6180158902983509*^-13, -1.652738041906821*^-13, -1.6646502674710517*^-13}","{-1.6527380421637418*^-13, -1.618015890602873*^-13, -1.563326121665005*^-13, -1.4928059678291475*^-13, -1.411197975931424*^-13, -1.3231964412023055*^-13, -1.2329641187319545*^-13, -1.1438659848156411*^-13, -1.0583959127867084*^-13, -9.78237127456058*^-14, -9.043940215274393*^-14, -8.373466701148684*^-14, -7.771977695106306*^-14, -7.237971585294392*^-14, -6.768396078686653*^-14, -6.359373656629708*^-14, -6.0067149136431*^-14, -5.706266878911376*^-14, -5.4541389559242033*^-14, -5.2468427997250354*^-14, -5.081373315736969*^-14, -4.9552515628581317*^-14, -4.866544551779198*^-14, -4.813871854457719*^-14, -4.796405985872547*^-14, -4.8138718545471114*^-14, -4.866544543412855*^-14, -4.955251544868862*^-14, -5.081373304127506*^-14, -5.2468427995970304*^-14, -5.4541389692969633*^-14, -5.706266873057306*^-14, -6.006714915769884*^-14, -6.359373661468973*^-14, -6.76839608267896*^-14, -7.237971587416875*^-14, -7.771977712169754*^-14, -8.373466706429836*^-14, -9.043940189999441*^-14, -9.782371272737259*^-14, -1.0583959120140307*^-13, -1.1438659860960283*^-13, -1.2329641182117243*^-13, -1.323196441342804*^-13, -1.4111979756285833*^-13, -1.492805968114345*^-13, -1.563326121337772*^-13, -1.6180158905010424*^-13, -1.6527380422766532*^-13, -1.6646502676727678*^-13, -1.652738042005081*^-13, -1.6180158901877255*^-13, -1.5633261211455493*^-13, -1.4928059679784904*^-13, -1.4111979755032965*^-13, -1.323196440761743*^-13, -1.2329641181429902*^-13, -1.1438659857313378*^-13, -1.0583959120473582*^-13, -9.78237124750411*^-14, -9.043940200960028*^-14, -8.373466716835277*^-14, -7.771977703527393*^-14, -7.237971570591812*^-14, -6.768396067342682*^-14, -6.359373651102861*^-14, -6.006714895146581*^-14, -5.706266879430009*^-14, -5.454138981138591*^-14, -5.246842792358367*^-14, -5.0813733224299525*^-14, -4.9552515589395755*^-14, -4.866544540442825*^-14, -4.81387186737818*^-14, -4.796406015701324*^-14, -4.813871867050009*^-14, -4.866544542741235*^-14, -4.955251558992259*^-14, -5.081373321824451*^-14, -5.246842788309519*^-14, -5.454138977791852*^-14, -5.706266852291821*^-14, -6.0067149270029*^-14, -6.359373629729976*^-14, -6.768396059023165*^-14, -7.23797157119327*^-14, -7.771977686266823*^-14, -8.373466718949122*^-14, -9.043940202386087*^-14, -9.782371274499168*^-14, -1.0583959110763994*^-13, -1.143865985767336*^-13, -1.2329641188020033*^-13, -1.3231964417804192*^-13, -1.411197975289721*^-13, -1.492805967407027*^-13, -1.563326121280675*^-13, -1.6180158902977834*^-13, -1.6527380419065908*^-13, -1.6646502674706862*^-13}"
0.557,"{10.905087844942594, 11.978501148809059, 12.995991343031918, 13.936085596383013, 14.784758960944458, 15.535461410201606, 16.18808526261609, 16.747362202156594, 17.2211486273232, 17.618912891647827, 17.950573149991108, 18.225707598159854, 18.453086093170885, 18.640444527782766, 18.794423930325138, 18.92061004861969, 19.0236263474748, 19.107248884453462, 19.17452360778371, 19.22787513481456, 19.269201622727188, 19.299953702587104, 19.321197299714367, 19.33366103678991, 19.33776918456356, 19.33366103678991, 19.321197299714367, 19.299953702587104, 19.269201622727188, 19.22787513481456, 19.17452360778371, 19.107248884453462, 19.0236263474748, 18.920610048619686, 18.794423930325138, 18.640444527782766, 18.453086093170885, 18.225707598159854, 17.950573149991108, 17.618912891647827, 17.2211486273232, 16.747362202156594, 16.188085262616095, 15.535461410201602, 14.784758960944457, 13.936085596383007, 12.995991343031914, 11.978501148809052, 10.905087844942594, 9.80326860070256, 8.703887630616956, 7.637603745525394, 6.631410720972213, 5.70600808274599, 4.874514787892056, 4.142558385300507, 3.509399722657299, 2.9695934545959233, 2.5147265517021924, 2.134929052943147, 1.820018194673737, 1.5602627966426765, 1.34682506361084, 1.1719620199058862, 1.0290662200047695, 0.912610312870368, 0.8180421713539836, 0.7416614664250314, 0.6804964272064725, 0.6321910738578571, 0.5949077654407748, 0.5672466620233082, 0.5481819543167914, 0.5370139295469285, 0.5333357454313797, 0.5370139295469284, 0.5481819543167913, 0.5672466620233081, 0.5949077654407752, 0.6321910738578573, 0.6804964272064726, 0.7416614664250324, 0.8180421713539838, 0.9126103128703686, 1.0290662200047695, 1.1719620199058862, 1.3468250636108392, 1.5602627966426754, 1.8200181946737377, 2.1349290529431464, 2.514726551702193, 2.969593454595927, 3.509399722657305, 4.1425583853005135, 4.8745147878920605, 5.706008082745998, 6.631410720972215, 7.637603745525391, 8.70388763061696, 9.803268600702559}","{8.703887630616968, 7.637603745525404, 6.631410720972226, 5.706008082745997, 4.874514787892065, 4.1425583853005135, 3.5093997226573093, 2.9695934545959313, 2.5147265517021986, 2.1349290529431504, 1.8200181946737417, 1.5602627966426785, 1.346825063610842, 1.1719620199058887, 1.029066220004772, 0.9126103128703698, 0.818042171353985, 0.7416614664250334, 0.6804964272064743, 0.6321910738578588, 0.5949077654407763, 0.5672466620233093, 0.5481819543167924, 0.5370139295469296, 0.5333357454313808, 0.5370139295469297, 0.5481819543167925, 0.5672466620233093, 0.5949077654407767, 0.6321910738578587, 0.6804964272064742, 0.7416614664250338, 0.8180421713539855, 0.9126103128703705, 1.029066220004772, 1.1719620199058893, 1.3468250636108425, 1.5602627966426792, 1.8200181946737408, 2.1349290529431513, 2.514726551702198, 2.9695934545959326, 3.5093997226573075, 4.142558385300517, 4.874514787892066, 5.706008082746002, 6.631410720972229, 7.6376037455254115, 8.703887630616968, 9.803268600702571, 10.905087844942607, 11.978501148809071, 12.99599134303193, 13.93608559638302, 14.784758960944467, 15.535461410201611, 16.188085262616106, 16.7473622021566, 17.221148627323203, 17.61891289164783, 17.950573149991115, 18.225707598159858, 18.453086093170885, 18.64044452778277, 18.79442393032514, 18.920610048619693, 19.023626347474803, 19.107248884453465, 19.17452360778371, 19.227875134814564, 19.269201622727188, 19.299953702587107, 19.32119729971437, 19.33366103678991, 19.337769184563562, 19.33366103678991, 19.32119729971437, 19.299953702587104, 19.269201622727188, 19.22787513481456, 19.17452360778371, 19.107248884453465, 19.023626347474803, 18.92061004861969, 18.79442393032514, 18.64044452778277, 18.45308609317089, 18.225707598159858, 17.95057314999111, 17.61891289164783, 17.221148627323206, 16.7473622021566, 16.1880852626161, 15.535461410201606, 14.784758960944464, 13.93608559638301, 12.995991343031928, 11.978501148809073, 10.905087844942603, 9.803268600702573}","{-2.7166260973065398*^-11, -2.667088719253112*^-11, -2.5885928217257103*^-11, -2.486511894755651*^-11, -2.3671413420095347*^-11, -2.2368910183441467*^-11, -2.1016450430471513*^-11, -1.9663620757997613*^-11, -1.8349095782104072*^-11, -1.7100778014314924*^-11, -1.5937050668867486*^-11, -1.486854105332774*^-11, -1.3899967512814096*^-11, -1.3031820339385326*^-11, -1.2261764664367766*^-11, -1.1585741827221092*^-11, -1.0998794313945263*^-11, -1.0495659777455759*^-11, -1.0071183842621866*^-11, -9.72059720353585*^-12, -9.43969493335603*^-12, -9.224947901103457*^-12, -9.073568745177383*^-12, -8.983548824132772*^-12, -8.953672546596973*^-12, -8.983548826623*^-12, -9.073568746628671*^-12, -9.224947901894449*^-12, -9.439694932344387*^-12, -9.720597203410326*^-12, -1.0071183843888486*^-11, -1.0495659777702466*^-11, -1.0998794313575306*^-11, -1.158574182823108*^-11, -1.226176466534963*^-11, -1.3031820340497057*^-11, -1.3899967510445465*^-11, -1.4868541056382105*^-11, -1.5937050667073745*^-11, -1.7100778014895605*^-11, -1.83490957822236*^-11, -1.96636207556265*^-11, -2.101645042713384*^-11, -2.2368910184050685*^-11, -2.3671413419644947*^-11, -2.4865118947682242*^-11, -2.5885928216255387*^-11, -2.6670887192747014*^-11, -2.716626097391905*^-11, -2.73356800236274*^-11, -2.7166260974671783*^-11, -2.6670887194008464*^-11, -2.5885928217103248*^-11, -2.486511894685506*^-11, -2.3671413418977826*^-11, -2.236891018474924*^-11, -2.101645042784108*^-11, -1.966362075588003*^-11, -1.8349095783920974*^-11, -1.7100778013103104*^-11, -1.5937050666919476*^-11, -1.486854105784332*^-11, -1.3899967513682222*^-11, -1.3031820338977112*^-11, -1.2261764665255744*^-11, -1.1585741825850867*^-11, -1.0998794315265857*^-11, -1.0495659778148316*^-11, -1.0071183843455044*^-11, -9.720597202817444*^-12, -9.439694933172602*^-12, -9.22494789972951*^-12, -9.073568742213388*^-12, -8.983548825914313*^-12, -8.953672550543452*^-12, -8.983548826026809*^-12, -9.073568744973483*^-12, -9.224947902000741*^-12, -9.439694928978176*^-12, -9.720597202817857*^-12, -1.0071183846544563*^-11, -1.0495659778240753*^-11, -1.0998794312043988*^-11, -1.1585741827875392*^-11, -1.2261764664900057*^-11, -1.3031820338986211*^-11, -1.3899967508442447*^-11, -1.4868541054634685*^-11, -1.5937050668112684*^-11, -1.7100778015999477*^-11, -1.8349095784314298*^-11, -1.9663620756777935*^-11, -2.1016450429914407*^-11, -2.2368910184511838*^-11, -2.36714134200391*^-11, -2.4865118946971694*^-11, -2.5885928216760795*^-11, -2.6670887192713927*^-11, -2.7166260973758576*^-11, -2.7335680024125362*^-11}","{-2.716626097308525*^-11, -2.6670887192546836*^-11, -2.5885928217274474*^-11, -2.4865118947569745*^-11, -2.3671413420106514*^-11, -2.2368910183455115*^-11, -2.1016450430486402*^-11, -1.9663620758010434*^-11, -1.8349095782115652*^-11, -1.7100778014324023*^-11, -1.5937050668877826*^-11, -1.486854105333684*^-11, -1.3899967512821955*^-11, -1.303182033939153*^-11, -1.2261764664374384*^-11, -1.1585741827228743*^-11, -1.0998794313949812*^-11, -1.0495659777462377*^-11, -1.0071183842630138*^-11, -9.720597203542881*^-12, -9.43969493336244*^-12, -9.224947901108007*^-12, -9.073568745180898*^-12, -8.983548824139597*^-12, -8.953672546600902*^-12, -8.983548826627549*^-12, -9.073568746633428*^-12, -9.224947901901066*^-12, -9.439694932349764*^-12, -9.720597203415495*^-12, -1.0071183843896138*^-11, -1.0495659777707842*^-11, -1.0998794313582544*^-11, -1.1585741828237697*^-11, -1.2261764665358728*^-11, -1.3031820340504088*^-11, -1.3899967510454564*^-11, -1.4868541056390376*^-11, -1.593705066708367*^-11, -1.710077801490884*^-11, -1.8349095782234766*^-11, -1.9663620755640148*^-11, -2.1016450427148315*^-11, -2.236891018406847*^-11, -2.3671413419659423*^-11, -2.4865118947698786*^-11, -2.5885928216270277*^-11, -2.6670887192769348*^-11, -2.7166260973943037*^-11, -2.7335680023639807*^-11, -2.7166260974690808*^-11, -2.6670887194023354*^-11, -2.5885928217122273*^-11, -2.4865118946870778*^-11, -2.367141341899106*^-11, -2.2368910184764128*^-11, -2.101645042785059*^-11, -1.9663620755892438*^-11, -1.8349095783931727*^-11, -1.7100778013115512*^-11, -1.593705066692816*^-11, -1.4868541057852004*^-11, -1.3899967513692149*^-11, -1.3031820338987452*^-11, -1.2261764665266911*^-11, -1.1585741825858312*^-11, -1.0998794315274129*^-11, -1.0495659778155347*^-11, -1.0071183843462488*^-11, -9.720597202823854*^-12, -9.439694933178599*^-12, -9.22494789973592*^-12, -9.073568742218558*^-12, -8.983548825918862*^-12, -8.953672550549242*^-12, -8.983548826033427*^-12, -9.07356874497948*^-12, -9.224947902005084*^-12, -9.439694928985*^-12, -9.720597202825922*^-12, -1.0071183846552422*^-11, -1.0495659778248612*^-11, -1.0998794312050399*^-11, -1.1585741827883043*^-11, -1.2261764664908329*^-11, -1.3031820338992829*^-11, -1.3899967508451546*^-11, -1.4868541054642544*^-11, -1.5937050668121783*^-11, -1.710077801600775*^-11, -1.8349095784322156*^-11, -1.9663620756791997*^-11, -2.1016450429925987*^-11, -2.2368910184520524*^-11, -2.367141342005316*^-11, -2.48651189469841*^-11, -2.5885928216774857*^-11, -2.6670887192729643*^-11, -2.71662609737776*^-11, -2.7335680024145215*^-11}"
0.5960000000000001,"{10.84910152035962, 11.856835950689732, 12.817387874930866, 13.712042377533145, 14.527885100316, 15.257996329874928, 15.900828807229408, 16.459087497281946, 16.938438258107247, 17.346294025661322, 17.690819875632407, 17.980204416891425, 18.222182497271085, 18.4237630596204, 18.59110761277834, 18.729509404364812, 18.843433447224704, 18.936588437106685, 19.01201105309993, 19.072150411675587, 19.11894559942445, 19.153892612162117, 19.17809911990688, 19.192326650919806, 19.197020351047755, 19.192326650919806, 19.17809911990688, 19.153892612162117, 19.11894559942445, 19.072150411675587, 19.01201105309993, 18.936588437106685, 18.843433447224704, 18.72950940436481, 18.59110761277834, 18.423763059620395, 18.222182497271085, 17.980204416891425, 17.690819875632407, 17.346294025661322, 16.938438258107247, 16.459087497281942, 15.90082880722941, 15.257996329874922, 14.527885100315997, 13.712042377533137, 12.817387874930864, 11.856835950689725, 10.849101520359621, 9.817511193123206, 8.787900445514808, 7.785968893868442, 6.834657226374946, 5.952103161925508, 5.150532632952678, 4.436147964156164, 3.8098189377084486, 3.2682500497027642, 2.8052958315314607, 2.4131794459967426, 2.0834791756260973, 1.8078412587422337, 1.578438745474026, 1.3882256117609053, 1.2310423533920558, 1.101623649835024, 0.9955479915671682, 0.9091579440673163, 0.8394701318083899, 0.784086727912678, 0.7411151226435151, 0.7090991073602408, 0.686962889092465, 0.673968142336558, 0.6696837981575969, 0.673968142336558, 0.686962889092465, 0.709099107360241, 0.7411151226435154, 0.7840867279126783, 0.8394701318083906, 0.9091579440673169, 0.9955479915671684, 1.1016236498350247, 1.2310423533920558, 1.388225611760905, 1.5784387454740259, 1.8078412587422326, 2.0834791756260977, 2.4131794459967417, 2.805295831531461, 3.268250049702767, 3.8098189377084544, 4.436147964156168, 5.150532632952682, 5.952103161925517, 6.834657226374947, 7.785968893868438, 8.78790044551481, 9.817511193123204}","{8.787900445514817, 7.785968893868449, 6.834657226374959, 5.952103161925513, 5.150532632952685, 4.436147964156167, 3.809818937708459, 3.268250049702772, 2.805295831531465, 2.4131794459967457, 2.0834791756261013, 1.8078412587422352, 1.578438745474028, 1.3882256117609073, 1.2310423533920578, 1.1016236498350256, 0.9955479915671697, 0.9091579440673181, 0.8394701318083919, 0.7840867279126795, 0.7411151226435165, 0.709099107360242, 0.6869628890924661, 0.6739681423365592, 0.6696837981575983, 0.6739681423365591, 0.6869628890924661, 0.7090991073602421, 0.7411151226435171, 0.7840867279126797, 0.8394701318083919, 0.9091579440673186, 0.99554799156717, 1.1016236498350265, 1.2310423533920578, 1.3882256117609082, 1.5784387454740285, 1.8078412587422363, 2.0834791756261, 2.4131794459967466, 2.8052958315314647, 3.268250049702774, 3.809818937708456, 4.436147964156173, 5.150532632952688, 5.952103161925519, 6.8346572263749605, 7.785968893868457, 8.787900445514815, 9.817511193123215, 10.849101520359628, 11.85683595068974, 12.817387874930878, 13.71204237753315, 14.527885100316007, 15.257996329874933, 15.900828807229418, 16.459087497281953, 16.93843825810725, 17.346294025661326, 17.69081987563241, 17.98020441689143, 18.222182497271092, 18.4237630596204, 18.591107612778345, 18.729509404364812, 18.843433447224708, 18.93658843710669, 19.012011053099933, 19.07215041167559, 19.118945599424453, 19.153892612162117, 19.178099119906882, 19.192326650919806, 19.197020351047755, 19.192326650919806, 19.178099119906882, 19.153892612162117, 19.118945599424453, 19.072150411675587, 19.012011053099933, 18.93658843710669, 18.843433447224708, 18.72950940436481, 18.591107612778345, 18.4237630596204, 18.222182497271092, 17.98020441689143, 17.69081987563241, 17.346294025661326, 16.93843825810725, 16.45908749728195, 15.900828807229411, 15.257996329874928, 14.527885100316004, 13.712042377533143, 12.817387874930876, 11.856835950689742, 10.849101520359627, 9.817511193123217}","{2.5255372532337563*^-17, 2.4851439396085302*^-17, 2.4208240999432507*^-17, 2.336596435554034*^-17, 2.2372538732959858*^-17, 2.1277907113698468*^-17, 2.0129230710581088*^-17, 1.8967615382808388*^-17, 1.7826442285818333*^-17, 1.6731036102695597*^-17, 1.5699254239084862*^-17, 1.4742585537832297*^-17, 1.386743436534842*^-17, 1.3076375980753164*^-17, 1.2369265974202371*^-17, 1.1744156514624091*^-17, 1.1198016486557422*^-17, 1.0727275516239428*^-17, 1.0328221776571396*^-17, 9.997284080158317*^-18, 9.731226674378905*^-18, 9.527279782426814*^-18, 9.383224826112848*^-18, 9.29743403333896*^-18, 9.268812147387032*^-18, 9.29743403421854*^-18, 9.383224825304561*^-18, 9.527279789625416*^-18, 9.731226674802917*^-18, 9.997284080086136*^-18, 1.0328221775633933*^-17, 1.0727275522038443*^-17, 1.1198016474006892*^-17, 1.1744156516545362*^-17, 1.2369265973183951*^-17, 1.307637598020037*^-17, 1.386743436233369*^-17, 1.474258554082356*^-17, 1.5699254236677456*^-17, 1.67310361019588*^-17, 1.7826442285538584*^-17, 1.896761538182537*^-17, 2.0129230710815084*^-17, 2.127790711378189*^-17, 2.2372538731803684*^-17, 2.3365964354150367*^-17, 2.4208240999621834*^-17, 2.4851439395418912*^-17, 2.5255372533609404*^-17, 2.5393170112944396*^-17, 2.5255372533501528*^-17, 2.485143939567391*^-17, 2.4208240999473725*^-17, 2.336596435705367*^-17, 2.2372538732526675*^-17, 2.127790711419545*^-17, 2.0129230711343226*^-17, 1.8967615381931372*^-17, 1.7826442280802953*^-17, 1.6731036098339902*^-17, 1.5699254239898276*^-17, 1.4742585543619873*^-17, 1.3867434366673509*^-17, 1.3076375978817003*^-17, 1.2369265974288554*^-17, 1.1744156515472117*^-17, 1.1198016482686433*^-17, 1.0727275525240232*^-17, 1.0328221775117575*^-17, 9.997284078025434*^-18, 9.731226678812254*^-18, 9.527279784343746*^-18, 9.383224786106605*^-18, 9.297433985236095*^-18, 9.26881207226933*^-18, 9.29743398512028*^-18, 9.383224785890901*^-18, 9.527279783207884*^-18, 9.7312266767269*^-18, 9.997284088511565*^-18, 1.0328221769563797*^-17, 1.0727275516615073*^-17, 1.119801648375741*^-17, 1.1744156515773462*^-17, 1.2369265973324369*^-17, 1.3076375979801502*^-17, 1.3867434363447758*^-17, 1.4742585543373058*^-17, 1.569925423262922*^-17, 1.673103610147651*^-17, 1.782644228968878*^-17, 1.8967615383954405*^-17, 2.0129230705725156*^-17, 2.1277907114692926*^-17, 2.2372538732104338*^-17, 2.3365964354386335*^-17, 2.42082409991781*^-17, 2.4851439395468807*^-17, 2.5255372533268222*^-17, 2.539317011281108*^-17}","{2.5255372532341705*^-17, 2.4851439396085894*^-17, 2.4208240999435663*^-17, 2.3365964355538762*^-17, 2.2372538732957985*^-17, 2.127790711369975*^-17, 2.0129230710582962*^-17, 1.8967615382807303*^-17, 1.7826442285819615*^-17, 1.6731036102696386*^-17, 1.5699254239086834*^-17, 1.474258553783348*^-17, 1.3867434365348026*^-17, 1.307637598075277*^-17, 1.2369265974202864*^-17, 1.1744156514624387*^-17, 1.1198016486557915*^-17, 1.0727275516239526*^-17, 1.0328221776572086*^-17, 9.997284080158563*^-18, 9.731226674379151*^-18, 9.527279782427208*^-18, 9.38322482611265*^-18, 9.297434033339551*^-18, 9.268812147387229*^-18, 9.29743403421849*^-18, 9.38322482530397*^-18, 9.527279789626353*^-18, 9.731226674802868*^-18, 9.997284080086284*^-18, 1.0328221775633884*^-17, 1.0727275522039182*^-17, 1.1198016474006645*^-17, 1.1744156516545263*^-17, 1.2369265973182965*^-17, 1.3076375980202046*^-17, 1.386743436233369*^-17, 1.4742585540824347*^-17, 1.5699254236677357*^-17, 1.6731036101959294*^-17, 1.7826442285539274*^-17, 1.8967615381825664*^-17, 2.0129230710816563*^-17, 2.1277907113781002*^-17, 2.2372538731804078*^-17, 2.3365964354151353*^-17, 2.4208240999622623*^-17, 2.4851439395420095*^-17, 2.52553725336096*^-17, 2.5393170112946566*^-17, 2.525537253350409*^-17, 2.485143939567549*^-17, 2.4208240999474514*^-17, 2.3365964357052783*^-17, 2.2372538732528943*^-17, 2.1277907114195647*^-17, 2.012923071134165*^-17, 1.8967615381930977*^-17, 1.7826442280804333*^-17, 1.673103609834138*^-17, 1.569925423989798*^-17, 1.4742585543619577*^-17, 1.3867434366675481*^-17, 1.3076375978816214*^-17, 1.2369265974287568*^-17, 1.1744156515472511*^-17, 1.1198016482686679*^-17, 1.0727275525239838*^-17, 1.0328221775118314*^-17, 9.997284078025779*^-18, 9.731226678812401*^-18, 9.527279784344239*^-18, 9.38322478610764*^-18, 9.297433985236884*^-18, 9.268812072270316*^-18, 9.297433985121168*^-18, 9.38322478589095*^-18, 9.527279783208082*^-18, 9.731226676727491*^-18, 9.997284088511811*^-18, 1.0328221769564586*^-17, 1.0727275516615419*^-17, 1.1198016483757558*^-17, 1.1744156515775138*^-17, 1.2369265973323383*^-17, 1.3076375979801699*^-17, 1.3867434363447561*^-17, 1.4742585543372664*^-17, 1.5699254232629416*^-17, 1.67310361014774*^-17, 1.7826442289687893*^-17, 1.896761538395342*^-17, 2.0129230705726438*^-17, 2.12779071146948*^-17, 2.237253873210572*^-17, 2.3365964354388307*^-17, 2.4208240999176522*^-17, 2.48514393954694*^-17, 2.525537253327039*^-17, 2.5393170112812854*^-17}"
0.635,"{10.79839267040332, 11.747756685017851, 12.656861303232798, 13.509303972155248, 14.29326563499064, 15.001780947769602, 15.632376873926, 16.186288885823153, 16.667488202339577, 17.081713586832937, 17.435632456743726, 17.73618821672979, 17.990139989836358, 18.203771043649535, 18.382729686261214, 18.53196531754021, 18.655727232685866, 18.757600846877374, 18.840563012196977, 18.90704400013971, 18.958988231622858, 18.997909037788133, 19.024934866670666, 19.040845677468614, 19.046099020727066, 19.040845677468614, 19.024934866670666, 18.997909037788133, 18.958988231622858, 18.90704400013971, 18.840563012196977, 18.757600846877374, 18.655727232685866, 18.531965317540205, 18.382729686261214, 18.203771043649535, 17.990139989836358, 17.736188216729786, 17.435632456743726, 17.081713586832937, 16.667488202339577, 16.186288885823153, 15.632376873926004, 15.001780947769598, 14.293265634990638, 13.50930397215524, 12.656861303232795, 11.747756685017844, 10.798392670403324, 9.828753817186572, 8.86075415792796, 7.916205282458742, 7.014799242792988, 6.172496628502844, 5.400581428282602, 4.705450482206564, 4.089027085503219, 3.549582930349781, 3.0827330546764626, 2.682411966351031, 2.341709788054072, 2.053515510209848, 1.8109646309942835, 1.6077174011318218, 1.4381054651919865, 1.297185014636266, 1.1807291243703317, 1.0851845499279968, 1.0076110940056688, 0.9456156864528484, 0.8972888117868982, 0.8611477469217557, 0.8360889829511388, 0.8213509236619859, 0.8164872399580975, 0.821350923661986, 0.8360889829511385, 0.8611477469217557, 0.8972888117868985, 0.9456156864528488, 1.0076110940056697, 1.0851845499279977, 1.180729124370332, 1.2971850146362676, 1.4381054651919862, 1.6077174011318212, 1.8109646309942826, 2.0535155102098472, 2.341709788054073, 2.68241196635103, 3.082733054676463, 3.5495829303497834, 4.0890270855032265, 4.705450482206569, 5.400581428282607, 6.17249662850285, 7.01479924279299, 7.91620528245874, 8.860754157927962, 9.82875381718657}","{8.860754157927952, 7.9162052824587334, 7.014799242792982, 6.172496628502832, 5.400581428282596, 4.7054504822065555, 4.0890270855032185, 3.5495829303497772, 3.0827330546764578, 2.6824119663510255, 2.3417097880540685, 2.0535155102098437, 1.8109646309942793, 1.6077174011318185, 1.4381054651919833, 1.2971850146362638, 1.1807291243703295, 1.0851845499279948, 1.007611094005668, 0.9456156864528469, 0.8972888117868966, 0.861147746921754, 0.8360889829511369, 0.8213509236619845, 0.8164872399580959, 0.8213509236619844, 0.8360889829511373, 0.861147746921754, 0.897288811786897, 0.9456156864528469, 1.0076110940056677, 1.0851845499279955, 1.18072912437033, 1.297185014636265, 1.438105465191984, 1.6077174011318194, 1.81096463099428, 2.0535155102098446, 2.3417097880540676, 2.6824119663510264, 3.0827330546764573, 3.549582930349778, 4.089027085503215, 4.705450482206558, 5.400581428282598, 6.17249662850284, 7.014799242792985, 7.9162052824587406, 8.86075415792795, 9.828753817186561, 10.798392670403313, 11.747756685017844, 12.656861303232791, 13.509303972155235, 14.293265634990632, 15.001780947769593, 15.632376873926, 16.186288885823153, 16.667488202339573, 17.081713586832933, 17.435632456743722, 17.736188216729783, 17.990139989836354, 18.20377104364953, 18.382729686261214, 18.531965317540205, 18.655727232685862, 18.75760084687737, 18.840563012196977, 18.90704400013971, 18.958988231622858, 18.997909037788133, 19.024934866670662, 19.040845677468614, 19.046099020727066, 19.040845677468614, 19.024934866670662, 18.997909037788133, 18.958988231622858, 18.907044000139706, 18.840563012196974, 18.75760084687737, 18.655727232685862, 18.5319653175402, 18.382729686261214, 18.20377104364953, 17.990139989836354, 17.736188216729783, 17.435632456743722, 17.08171358683293, 16.667488202339573, 16.186288885823146, 15.632376873925994, 15.001780947769587, 14.293265634990627, 13.509303972155228, 12.65686130323279, 11.747756685017844, 10.79839267040331, 9.828753817186564}","{1.6940828422250488*^-15, 1.6701306084850913*^-15, 1.6318357462265258*^-15, 1.5813975066230447*^-15, 1.5214782796347842*^-15, 1.4549066025885773*^-15, 1.384417396573967*^-15, 1.3124621962388008*^-15, 1.2410988210328688*^-15, 1.171952041180128*^-15, 1.1062273214785639*^-15, 1.0447577286194126*^-15, 9.88066812723618*^-16, 9.364349523872383*^-16, 8.899613692180705*^-16, 8.486178382868343*^-16, 8.122927558897909*^-16, 7.808258443120404*^-16, 7.540345843638643*^-16, 7.317337915860008*^-16, 7.137497432355677*^-16, 6.99930122330282*^-16, 6.901508347476436*^-16, 6.843204972955244*^-16, 6.823837203485408*^-16, 6.843204972915297*^-16, 6.901508344452701*^-16, 6.999301223509375*^-16, 7.13749743105961*^-16, 7.317337915881654*^-16, 7.540345844147868*^-16, 7.808258442253036*^-16, 8.122927559701852*^-16, 8.486178382388274*^-16, 8.89961369213148*^-16, 9.36434952201023*^-16, 9.88066812692455*^-16, 1.0447577285795404*^-15, 1.1062273216466607*^-15, 1.1719520411632528*^-15, 1.2410988210241724*^-15, 1.3124621963324165*^-15, 1.3844173965438262*^-15, 1.454906602513768*^-15, 1.521478279630417*^-15, 1.581397506660077*^-15, 1.6318357461905158*^-15, 1.6701306084606808*^-15, 1.6940828422754602*^-15, 1.7022368520525605*^-15, 1.6940828422304762*^-15, 1.6701306084657926*^-15, 1.6318357462391728*^-15, 1.5813975066643936*^-15, 1.521478279642534*^-15, 1.4549066025587268*^-15, 1.3844173965405446*^-15, 1.3124621962246139*^-15, 1.2410988212184594*^-15, 1.1719520414375997*^-15, 1.1062273213486669*^-15, 1.0447577286583634*^-15, 9.880668126517181*^-16, 9.364349522919565*^-16, 8.899613692893141*^-16, 8.48617838288696*^-16, 8.122927558182759*^-16, 7.808258442138998*^-16, 7.540345844701585*^-16, 7.317337914612472*^-16, 7.137497429523035*^-16, 6.999301225132851*^-16, 6.9015083428584445*^-16, 6.843204971319967*^-16, 6.823837204429391*^-16, 6.843204971458113*^-16, 6.901508347016688*^-16, 6.999301225147492*^-16, 7.137497432024482*^-16, 7.317337918141898*^-16, 7.540345845049504*^-16, 7.80825844292647*^-16, 8.122927559178491*^-16, 8.486178384311012*^-16, 8.899613692084086*^-16, 9.36434952132512*^-16, 9.880668127376661*^-16, 1.044757728724735*^-15, 1.1062273215302311*^-15, 1.1719520412383523*^-15, 1.2410988211138627*^-15, 1.312462196272198*^-15, 1.3844173964844534*^-15, 1.4549066026106023*^-15, 1.521478279660116*^-15, 1.581397506564568*^-15, 1.631835746189039*^-15, 1.670130608495378*^-15, 1.6940828423124041*^-15, 1.702236852100397*^-15}","{1.6940828422248847*^-15, 1.6701306084850408*^-15, 1.6318357462264122*^-15, 1.581397506622767*^-15, 1.5214782796345065*^-15, 1.4549066025882112*^-15, 1.3844173965737146*^-15, 1.3124621962385862*^-15, 1.2410988210326669*^-15, 1.1719520411799388*^-15, 1.1062273214784882*^-15, 1.0447577286193116*^-15, 9.880668127235045*^-16, 9.364349523870868*^-16, 8.899613692179948*^-16, 8.486178382867018*^-16, 8.122927558897088*^-16, 7.808258443119457*^-16, 7.540345843637822*^-16, 7.317337915858114*^-16, 7.13749743235473*^-16, 6.999301223302126*^-16, 6.9015083474753*^-16, 6.843204972954613*^-16, 6.82383720348402*^-16, 6.843204972914287*^-16, 6.901508344452133*^-16, 6.999301223508807*^-16, 7.137497431058663*^-16, 7.317337915880266*^-16, 7.5403458441469845*^-16, 7.808258442251963*^-16, 8.122927559700527*^-16, 8.486178382386317*^-16, 8.899613692130029*^-16, 9.364349522008462*^-16, 9.88066812692335*^-16, 1.044757728579452*^-15, 1.1062273216466165*^-15, 1.171952041163215*^-15, 1.2410988210240462*^-15, 1.3124621963321767*^-15, 1.3844173965435864*^-15, 1.4549066025134903*^-15, 1.5214782796301267*^-15, 1.5813975066598877*^-15, 1.6318357461903644*^-15, 1.6701306084604031*^-15, 1.6940828422752078*^-15, 1.70223685205251*^-15, 1.6940828422302742*^-15, 1.6701306084656033*^-15, 1.6318357462388067*^-15, 1.5813975066641917*^-15, 1.5214782796422436*^-15, 1.4549066025584239*^-15, 1.3844173965404057*^-15, 1.3124621962242479*^-15, 1.2410988212183584*^-15, 1.1719520414373851*^-15, 1.10622732134861*^-15, 1.0447577286582246*^-15, 9.880668126516046*^-16, 9.364349522918808*^-16, 8.899613692891816*^-16, 8.486178382886013*^-16, 8.12292755818238*^-16, 7.808258442138304*^-16, 7.540345844699818*^-16, 7.317337914611714*^-16, 7.137497429522025*^-16, 6.999301225131084*^-16, 6.90150834285693*^-16, 6.84320497131839*^-16, 6.823837204428002*^-16, 6.843204971457229*^-16, 6.901508347015868*^-16, 6.999301225145599*^-16, 7.137497432023661*^-16, 7.31733791814051*^-16, 7.54034584504799*^-16, 7.808258442926281*^-16, 8.122927559177544*^-16, 8.486178384310318*^-16, 8.899613692083455*^-16, 9.364349521324677*^-16, 9.880668127374768*^-16, 1.0447577287246025*^-15, 1.1062273215301996*^-15, 1.1719520412381125*^-15, 1.2410988211136986*^-15, 1.312462196272034*^-15, 1.3844173964842388*^-15, 1.4549066026102236*^-15, 1.52147827965975*^-15, 1.5813975065643535*^-15, 1.63183574618861*^-15, 1.6701306084951761*^-15, 1.6940828423119371*^-15, 1.7022368520999047*^-15}"
0.674,"{10.752405559879122, 11.64959778392791, 12.512083208097806, 13.325401217828949, 14.078762348855431, 14.765345288087104, 15.38210161128654, 15.929207265620215, 16.409328318657828, 16.82685036162588, 17.187177454110707, 17.496158207617814, 17.759656704923195, 17.98325945218485, 18.172095789319293, 18.330744845096284, 18.46320351760922, 18.57289409977627, 18.662695073898096, 18.734983173368143, 18.791678578748883, 18.83428797604494, 18.863942240881705, 18.88142687954094, 18.887204222735914, 18.88142687954094, 18.863942240881705, 18.834287976044934, 18.791678578748883, 18.734983173368143, 18.662695073898096, 18.57289409977628, 18.463203517609216, 18.330744845096277, 18.172095789319286, 17.98325945218485, 17.7596567049232, 17.49615820761782, 17.1871774541107, 16.826850361625876, 16.409328318657828, 15.92920726562021, 15.382101611286547, 14.765345288087104, 14.07876234885543, 13.325401217828938, 12.512083208097803, 11.649597783927902, 10.75240555987912, 9.837794807045144, 8.924564100070823, 8.031432852737817, 7.175462319362083, 6.370767139028941, 5.627712592439954, 4.952661839507271, 4.348211304424876, 3.8137701255530856, 3.346314140325275, 2.9411655791978415, 2.5926947115052212, 2.2948885393525282, 2.041771377997342, 1.8276881282103983, 1.6474741863901403, 1.496539712752244, 1.3708941543539361, 1.2671324930499086, 1.1823996145705171, 1.1143445371456566, 1.0610724413366517, 1.0210995875032995, 0.9933141940164104, 0.976945011942632, 0.971538498634034, 0.976945011942632, 0.9933141940164101, 1.0210995875032993, 1.0610724413366515, 1.1143445371456566, 1.1823996145705176, 1.2671324930499097, 1.3708941543539375, 1.4965397127522464, 1.6474741863901403, 1.8276881282103976, 2.0417713779973417, 2.294888539352527, 2.592694711505221, 2.9411655791978415, 3.3463141403252763, 3.8137701255530865, 4.348211304424883, 4.952661839507276, 5.627712592439959, 6.370767139028946, 7.175462319362086, 8.031432852737815, 8.924564100070821, 9.83779480704514}","{8.924564100070784, 8.031432852737778, 7.175462319362048, 6.370767139028902, 5.62771259243992, 4.952661839507239, 4.348211304424852, 3.813770125553063, 3.3463141403252528, 2.9411655791978197, 2.592694711505201, 2.294888539352512, 2.041771377997326, 1.8276881282103847, 1.647474186390127, 1.496539712752233, 1.3708941543539253, 1.267132493049899, 1.1823996145705087, 1.1143445371456484, 1.0610724413366428, 1.021099587503291, 0.993314194016402, 0.9769450119426245, 0.9715384986340261, 0.9769450119426244, 0.9933141940164023, 1.0210995875032907, 1.061072441336644, 1.1143445371456482, 1.1823996145705082, 1.2671324930498997, 1.3708941543539264, 1.4965397127522349, 1.6474741863901283, 1.8276881282103863, 2.0417713779973266, 2.2948885393525114, 2.592694711505201, 2.941165579197821, 3.3463141403252523, 3.8137701255530643, 4.348211304424849, 4.952661839507243, 5.627712592439923, 6.3707671390289065, 7.175462319362049, 8.031432852737785, 8.92456410007078, 9.837794807045103, 10.752405559879081, 11.64959778392787, 12.512083208097772, 13.325401217828905, 14.0787623488554, 14.765345288087074, 15.382101611286519, 15.929207265620189, 16.4093283186578, 16.826850361625862, 17.18717745411068, 17.496158207617796, 17.759656704923184, 17.98325945218484, 18.172095789319272, 18.330744845096273, 18.463203517609212, 18.57289409977626, 18.66269507389808, 18.734983173368132, 18.791678578748883, 18.83428797604493, 18.8639422408817, 18.881426879540935, 18.887204222735917, 18.881426879540932, 18.8639422408817, 18.834287976044926, 18.79167857874888, 18.734983173368125, 18.66269507389808, 18.572894099776267, 18.4632035176092, 18.330744845096266, 18.172095789319275, 17.983259452184836, 17.759656704923188, 17.496158207617796, 17.18717745411068, 16.826850361625866, 16.40932831865781, 15.929207265620187, 15.382101611286517, 14.765345288087072, 14.078762348855395, 13.325401217828897, 12.51208320809777, 11.649597783927872, 10.752405559879083, 9.837794807045103}","{-3.6855630760445984*^-10, -3.6392797784684194*^-10, -3.5650277229589055*^-10, -3.466748437969729*^-10, -3.3492747432494434*^-10, -3.217826915110322*^-10, -3.0775556459566975*^-10, -2.9331896013628907*^-10, -2.7888104761921837*^-10, -2.647749186886872*^-10, -2.5125789780558783*^-10, -2.3851747812331875*^-10, -2.2668099530957345*^-10, -2.15826758923499*^-10, -2.0599507893520257*^-10, -1.9719826455492444*^-10, -1.894291679644157*^-10, -1.826681671519742*^-10, -1.7688868232235849*^-10, -1.7206140340243535*^-10, -1.6815745637360817*^-10, -1.6515071511356112*^-10, -1.6301945854226394*^-10, -1.617474407275086*^-10, -1.6131647151684763*^-10, -1.6174744072707558*^-10, -1.630194585383034*^-10, -1.6515071486104604*^-10, -1.6815745633186863*^-10, -1.7206140340120699*^-10, -1.7688868232090803*^-10, -1.8266816700849146*^-10, -1.8942916775441977*^-10, -1.9719826505092799*^-10, -2.0599507901668524*^-10, -2.15826759034512*^-10, -2.266809953096421*^-10, -2.385174781193392*^-10, -2.5125789779283105*^-10, -2.6477491872654066*^-10, -2.7888104762170074*^-10, -2.9331896014380814*^-10, -3.077555645968253*^-10, -3.217826915074555*^-10, -3.349274743302904*^-10, -3.466748437976371*^-10, -3.565027722832297*^-10, -3.6392797786262124*^-10, -3.685563075953559*^-10, -3.701291436371952*^-10, -3.685563076146077*^-10, -3.6392797784374415*^-10, -3.5650277229836713*^-10, -3.4667484377448516*^-10, -3.3492747432152725*^-10, -3.217826914585559*^-10, -3.077555645790252*^-10, -2.933189601880052*^-10, -2.788810475630288*^-10, -2.647749187142231*^-10, -2.5125789790258054*^-10, -2.3851747807254516*^-10, -2.2668099522082897*^-10, -2.1582675915156303*^-10, -2.0599507931174635*^-10, -1.9719826482788494*^-10, -1.8942916743636882*^-10, -1.8266816726754788*^-10, -1.7688868250630278*^-10, -1.7206140312401256*^-10, -1.6815745675414847*^-10, -1.651507140582598*^-10, -1.6301945830627635*^-10, -1.6174744136103963*^-10, -1.613164718824842*^-10, -1.6174744135987123*^-10, -1.6301945831593906*^-10, -1.6515071406609528*^-10, -1.681574565876002*^-10, -1.7206140326113388*^-10, -1.768886821553073*^-10, -1.8266816731874499*^-10, -1.8942916780306005*^-10, -1.9719826445811494*^-10, -2.0599507900693691*^-10, -2.1582675915593757*^-10, -2.266809953438845*^-10, -2.3851747826447836*^-10, -2.5125789791966927*^-10, -2.647749187072996*^-10, -2.7888104755942645*^-10, -2.933189601418891*^-10, -3.077555645862986*^-10, -3.2178269148460876*^-10, -3.3492747433431546*^-10, -3.4667484377160327*^-10, -3.5650277231262193*^-10, -3.639279778346675*^-10, -3.6855630762351643*^-10, -3.70129143618534*^-10}","{-3.6855630760440194*^-10, -3.639279778468047*^-10, -3.5650277229585995*^-10, -3.466748437969274*^-10, -3.3492747432490215*^-10, -3.217826915109975*^-10, -3.0775556459563087*^-10, -2.933189601362717*^-10, -2.788810476192134*^-10, -2.647749186886682*^-10, -2.512578978055833*^-10, -2.3851747812329765*^-10, -2.2668099530953623*^-10, -2.1582675892347873*^-10, -2.059950789351728*^-10, -1.97198264554905*^-10, -1.894291679643942*^-10, -1.8266816715195477*^-10, -1.7688868232234318*^-10, -1.720614034024217*^-10, -1.6815745637359658*^-10, -1.6515071511354912*^-10, -1.6301945854223706*^-10, -1.6174744072748959*^-10, -1.6131647151683563*^-10, -1.61747440727064*^-10, -1.6301945853828562*^-10, -1.651507148610324*^-10, -1.6815745633183885*^-10, -1.720614034011925*^-10, -1.768886823208981*^-10, -1.8266816700847078*^-10, -1.8942916775439826*^-10, -1.9719826505090938*^-10, -2.059950790166596*^-10, -2.1582675903449174*^-10, -2.2668099530962846*^-10, -2.385174781192974*^-10, -2.512578977927996*^-10, -2.647749187265175*^-10, -2.788810476216784*^-10, -2.9331896014378084*^-10, -3.0775556459677817*^-10, -3.2178269150741413*^-10, -3.3492747433027386*^-10, -3.466748437975792*^-10, -3.5650277228318754*^-10, -3.639279778625923*^-10, -3.685563075953129*^-10, -3.701291436371563*^-10, -3.68556307614587*^-10, -3.639279778437028*^-10, -3.565027722983539*^-10, -3.4667484377444877*^-10, -3.3492747432148093*^-10, -3.2178269145854016*^-10, -3.0775556457899875*^-10, -2.933189601879622*^-10, -2.78881047563028*^-10, -2.6477491871419003*^-10, -2.512578979025702*^-10, -2.385174780725191*^-10, -2.2668099522080002*^-10, -2.1582675915153532*^-10, -2.0599507931171823*^-10, -1.9719826482787212*^-10, -1.8942916743635517*^-10, -1.8266816726752224*^-10, -1.7688868250627382*^-10, -1.720614031239952*^-10, -1.6815745675411207*^-10, -1.6515071405824078*^-10, -1.6301945830626435*^-10, -1.6174744136103053*^-10, -1.61316471882466*^-10, -1.617474413598522*^-10, -1.6301945831592375*^-10, -1.6515071406607832*^-10, -1.6815745658757*^-10, -1.7206140326111816*^-10, -1.7688868215529323*^-10, -1.8266816731873134*^-10, -1.8942916780304103*^-10, -1.9719826445808557*^-10, -2.0599507900692575*^-10, -2.1582675915590945*^-10, -2.2668099534385885*^-10, -2.38517478264473*^-10, -2.512578979196643*^-10, -2.647749187072599*^-10, -2.78881047559395*^-10, -2.933189601418477*^-10, -3.077555645862771*^-10, -3.2178269148456575*^-10, -3.349274743342824*^-10, -3.466748437715611*^-10, -3.56502772312588*^-10, -3.6392797783462283*^-10, -3.685563076234974*^-10, -3.701291436185009*^-10}"
0.7130000000000001,"{10.710606370011226, 11.560919068249934, 12.381030281520756, 13.15811585500487, 13.882329227900728, 14.547098969648001, 15.149039347361454, 15.687567169455477, 16.164345967910855, 16.582672554178803, 16.946893917276967, 17.261908390052977, 17.5327742415545, 17.764426370275558, 17.961488359543257, 18.128161212255208, 18.268169215933703, 18.38474538395, 18.48064213033293, 18.558156230774422, 18.61916015682294, 18.66513432822434, 18.697196686146622, 18.71612731882729, 18.722386777856848, 18.71612731882729, 18.697196686146622, 18.66513432822434, 18.61916015682294, 18.558156230774422, 18.48064213033293, 18.38474538395, 18.268169215933703, 18.128161212255204, 17.961488359543253, 17.764426370275558, 17.5327742415545, 17.261908390052977, 16.946893917276967, 16.582672554178803, 16.164345967910855, 15.687567169455475, 15.149039347361457, 14.547098969647998, 13.882329227900726, 13.158115855004864, 12.381030281520752, 11.560919068249927, 10.710606370011227, 9.845181561731494, 8.980935119569452, 8.134095040018082, 7.319570852793734, 6.549910610218064, 5.834618687687415, 5.179891703009282, 4.588739221287415, 4.061392090382446, 3.5958754770310515, 3.188631545225924, 2.835105035275393, 2.530239624080113, 2.268863758842529, 2.045966859825501, 1.8568797916088449, 1.6973790389104544, 1.5637345525262032, 1.4527189912703304, 1.36159271541423, 1.2880754013602553, 1.230312070857612, 1.1868388594830572, 1.1565519992964635, 1.138682179579747, 1.1327755651138416, 1.138682179579747, 1.1565519992964635, 1.1868388594830572, 1.2303120708576123, 1.2880754013602551, 1.3615927154142304, 1.4527189912703307, 1.5637345525262039, 1.6973790389104566, 1.8568797916088444, 2.0459668598255005, 2.268863758842528, 2.5302396240801115, 2.835105035275394, 3.188631545225923, 3.595875477031052, 4.06139209038245, 4.588739221287421, 5.179891703009288, 5.834618687687419, 6.54991061021807, 7.319570852793736, 8.13409504001808, 8.980935119569452, 9.845181561731494}","{8.980935119569459, 8.134095040018087, 7.31957085279374, 6.549910610218067, 5.834618687687421, 5.179891703009286, 4.588739221287424, 4.061392090382454, 3.5958754770310555, 3.188631545225926, 2.8351050352753964, 2.530239624080114, 2.26886375884253, 2.0459668598255023, 1.856879791608846, 1.6973790389104564, 1.5637345525262047, 1.4527189912703318, 1.3615927154142318, 1.2880754013602567, 1.2303120708576136, 1.1868388594830586, 1.1565519992964648, 1.1386821795797482, 1.1327755651138427, 1.1386821795797482, 1.1565519992964648, 1.1868388594830586, 1.2303120708576138, 1.2880754013602567, 1.3615927154142313, 1.452718991270333, 1.5637345525262052, 1.697379038910458, 1.856879791608847, 2.045966859825503, 2.2688637588425307, 2.5302396240801146, 2.835105035275396, 3.188631545225927, 3.5958754770310546, 4.061392090382455, 4.588739221287421, 5.1798917030092895, 5.834618687687422, 6.549910610218073, 7.319570852793744, 8.134095040018094, 8.980935119569457, 9.8451815617315, 10.710606370011233, 11.56091906824994, 12.381030281520761, 13.158115855004873, 13.882329227900733, 14.547098969648006, 15.149039347361462, 15.687567169455484, 16.164345967910858, 16.582672554178806, 16.94689391727697, 17.26190839005298, 17.5327742415545, 17.76442637027556, 17.961488359543257, 18.128161212255208, 18.268169215933707, 18.38474538395, 18.480642130332935, 18.558156230774422, 18.619160156822943, 18.66513432822434, 18.697196686146626, 18.71612731882729, 18.722386777856848, 18.71612731882729, 18.697196686146626, 18.66513432822434, 18.619160156822943, 18.558156230774422, 18.480642130332935, 18.38474538395, 18.268169215933707, 18.128161212255208, 17.961488359543257, 17.76442637027556, 17.5327742415545, 17.26190839005298, 16.946893917276967, 16.582672554178806, 16.164345967910858, 15.68756716945548, 15.149039347361457, 14.547098969648, 13.88232922790073, 13.158115855004866, 12.381030281520761, 11.560919068249941, 10.71060637001123, 9.8451815617315}","{2.315704557353034*^-16, 2.2894872334360207*^-16, 2.247309967584063*^-16, 2.1912613142578797*^-16, 2.1239289778168503*^-16, 2.0481463425219952*^-16, 1.966755741027353*^-16, 1.8824180350528583*^-16, 1.797482644259358*^-16, 1.71391808030908*^-16, 1.6332936167548805*^-16, 1.5567983933139406*^-16, 1.485283832955165*^-16, 1.419317585278183*^-16, 1.3592401283471103*^-16, 1.3052184124812632*^-16, 1.257293376693143*^-16, 1.2154201027206593*^-16, 1.179500459209512*^-16, 1.1494089321548076*^-16, 1.125012452745109*^-16, 1.1061853107577482*^-16, 1.0928199493392551*^-16, 1.0848344861198968*^-16, 1.0821863957137742*^-16, 1.084834486111953*^-16, 1.0928199493438936*^-16, 1.1061853107614795*^-16, 1.1250124577733952*^-16, 1.149408932148197*^-16, 1.1795004587739266*^-16, 1.2154200996854933*^-16, 1.2572933778508042*^-16, 1.3052184098403068*^-16, 1.3592401278341062*^-16, 1.4193175829873074*^-16, 1.4852838336911563*^-16, 1.5567983927603496*^-16, 1.6332936188371262*^-16, 1.713918080599302*^-16, 1.7974826444637202*^-16, 1.882418034900908*^-16, 1.9667557427594075*^-16, 2.0481463436184961*^-16, 2.123928977273467*^-16, 2.191261314825544*^-16, 2.2473099687727184*^-16, 2.289487233364739*^-16, 2.315704555229026*^-16, 2.3246012495606736*^-16, 2.315704555610961*^-16, 2.289487233428416*^-16, 2.2473099666041083*^-16, 2.1912613137734402*^-16, 2.1239289764773487*^-16, 2.0481463441559313*^-16, 1.9667557413631552*^-16, 1.8824180343300408*^-16, 1.7974826427108397*^-16, 1.7139180796889092*^-16, 1.63329361817838*^-16, 1.5567983919421589*^-16, 1.4852838341200206*^-16, 1.4193175855824862*^-16, 1.3592401256420195*^-16, 1.3052184097962252*^-16, 1.2572933793689197*^-16, 1.2154201002716485*^-16, 1.1795004594456417*^-16, 1.1494089322227521*^-16, 1.1250124563658938*^-16, 1.1061853080630783*^-16, 1.0928199466802496*^-16, 1.0848344863903814*^-16, 1.0821863900240676*^-16, 1.0848344863786195*^-16, 1.0928199466641726*^-16, 1.1061853080776406*^-16, 1.1250124561548577*^-16, 1.1494089271304972*^-16, 1.1795004602241448*^-16, 1.215420098368498*^-16, 1.2572933798772774*^-16, 1.30521841367111*^-16, 1.3592401252260058*^-16, 1.4193175855550812*^-16, 1.4852838325246125*^-16, 1.5567983909178072*^-16, 1.633293615221398*^-16, 1.7139180796366708*^-16, 1.797482642890495*^-16, 1.8824180341044897*^-16, 1.966755739604737*^-16, 2.0481463440904243*^-16, 2.1239289794405311*^-16, 2.1912613151704498*^-16, 2.2473099684616864*^-16, 2.2894872344332987*^-16, 2.315704556749508*^-16, 2.3246012494450424*^-16}","{2.315704557354091*^-16, 2.289487233437614*^-16, 2.2473099675856405*^-16, 2.1912613142592996*^-16, 2.1239289778170554*^-16, 2.0481463425226737*^-16, 1.9667557410282206*^-16, 1.8824180350536787*^-16, 1.7974826442602888*^-16, 1.7139180803096007*^-16, 1.6332936167550068*^-16, 1.5567983933143035*^-16, 1.4852838329561194*^-16, 1.4193175852788458*^-16, 1.3592401283478598*^-16, 1.3052184124817444*^-16, 1.2572933766939791*^-16, 1.21542010272103*^-16, 1.1795004592095198*^-16, 1.149408932155068*^-16, 1.1250124527460478*^-16, 1.1061853107583793*^-16, 1.0928199493397837*^-16, 1.0848344861204175*^-16, 1.0821863957143185*^-16, 1.0848344861124184*^-16, 1.0928199493445563*^-16, 1.1061853107618661*^-16, 1.1250124577738843*^-16, 1.1494089321486623*^-16, 1.1795004587743368*^-16, 1.215420099686006*^-16, 1.2572933778513406*^-16, 1.3052184098410799*^-16, 1.3592401278350607*^-16, 1.4193175829877965*^-16, 1.4852838336924974*^-16, 1.5567983927607756*^-16, 1.6332936188373944*^-16, 1.7139180805998542*^-16, 1.7974826444645564*^-16, 1.8824180349024699*^-16, 1.9667557427611272*^-16, 2.0481463436194428*^-16, 2.123928977274461*^-16, 2.1912613148270113*^-16, 2.247309968773744*^-16, 2.289487233365465*^-16, 2.315704555230367*^-16, 2.3246012495618727*^-16, 2.3157045556126334*^-16, 2.2894872334289525*^-16, 2.2473099666052284*^-16, 2.191261313774166*^-16, 2.1239289764778693*^-16, 2.0481463441563888*^-16, 1.9667557413646067*^-16, 1.882418034331792*^-16, 1.7974826427114866*^-16, 1.7139180796893667*^-16, 1.6332936181790585*^-16, 1.556798391942222*^-16, 1.4852838341203992*^-16, 1.4193175855830384*^-16, 1.3592401256425165*^-16, 1.3052184097970378*^-16, 1.2572933793700004*^-16, 1.215420100272114*^-16, 1.1795004594461386*^-16, 1.149408932223691*^-16, 1.125012456366517*^-16, 1.1061853080636305*^-16, 1.0928199466809359*^-16, 1.0848344863904051*^-16, 1.082186390024391*^-16, 1.0848344863793453*^-16, 1.0928199466648194*^-16, 1.1061853080780982*^-16, 1.1250124561553231*^-16, 1.149408927131002*^-16, 1.1795004602247522*^-16, 1.2154200983688766*^-16, 1.257293379877948*^-16, 1.3052184136716543*^-16, 1.3592401252264634*^-16, 1.419317585555878*^-16, 1.4852838325253304*^-16, 1.5567983909186118*^-16, 1.633293615221335*^-16, 1.7139180796367654*^-16, 1.797482642891047*^-16, 1.8824180341057992*^-16, 1.9667557396056362*^-16, 2.0481463440915602*^-16, 2.1239289794417618*^-16, 2.1912613151713964*^-16, 2.2473099684625383*^-16, 2.289487234434845*^-16, 2.315704556749871*^-16, 2.324601249446115*^-16}"
0.752,"{10.672509418776565, 11.480490319758944, 12.261964639342205, 13.005493410779218, 13.702080976410604, 14.345459687017508, 14.93206757517064, 15.460782064780574, 15.932497895218292, 16.349637941488936, 16.71566916574672, 17.034672107252863, 17.310988880360068, 17.54895608365743, 17.752716763797697, 17.92609906720072, 18.07254699600759, 18.195089181188187, 18.296333490511984, 18.378477693780983, 18.443328768313958, 18.492325473460955, 18.52656046114298, 18.546799429015504, 18.553495722518885, 18.546799429015504, 18.52656046114298, 18.492325473460955, 18.443328768313958, 18.378477693780983, 18.296333490511984, 18.195089181188187, 18.07254699600759, 17.92609906720072, 17.752716763797697, 17.54895608365743, 17.310988880360068, 17.034672107252863, 16.71566916574672, 16.349637941488933, 15.932497895218292, 15.460782064780572, 14.932067575170642, 14.345459687017506, 13.702080976410604, 13.005493410779213, 12.261964639342203, 11.480490319758937, 10.672509418776567, 9.851299948529816, 9.031108881378348, 8.226132957594416, 7.449505136158339, 6.712440286230065, 6.023653741069343, 5.389102357898279, 4.812031545510723, 4.293262170473247, 3.83162751992025, 3.4244713284142825, 3.0681353046422997, 2.758388955749596, 2.4907780853103687, 2.260886782414706, 2.0645197212184137, 1.8978178118080393, 1.7573222012157823, 1.6400009247249248, 1.5432504612429365, 1.4648819528940118, 1.4030994398169736, 1.35647539502492, 1.3239272038621246, 1.3046970017556792, 1.2983363989782744, 1.3046970017556794, 1.3239272038621241, 1.3564753950249198, 1.4030994398169743, 1.4648819528940122, 1.5432504612429367, 1.6400009247249259, 1.7573222012157832, 1.8978178118080407, 2.064519721218413, 2.2608867824147056, 2.490778085310368, 2.7583889557495955, 3.0681353046423006, 3.4244713284142816, 3.831627519920251, 4.29326217047325, 4.812031545510729, 5.389102357898283, 6.023653741069346, 6.712440286230072, 7.449505136158341, 8.226132957594416, 9.03110888137835, 9.851299948529816}","{9.03110888137835, 8.226132957594418, 7.4495051361583435, 6.712440286230064, 6.023653741069345, 5.3891023578982775, 4.812031545510728, 4.293262170473249, 3.8316275199202514, 3.4244713284142816, 3.0681353046423006, 2.758388955749596, 2.4907780853103674, 2.2608867824147056, 2.064519721218413, 1.8978178118080395, 1.7573222012157828, 1.6400009247249248, 1.5432504612429372, 1.4648819528940122, 1.4030994398169736, 1.3564753950249198, 1.3239272038621241, 1.3046970017556794, 1.2983363989782746, 1.3046970017556794, 1.3239272038621246, 1.3564753950249198, 1.4030994398169743, 1.4648819528940122, 1.543250461242937, 1.6400009247249256, 1.7573222012157832, 1.8978178118080407, 2.064519721218413, 2.260886782414707, 2.4907780853103687, 2.7583889557495964, 3.0681353046423, 3.424471328414282, 3.8316275199202514, 4.293262170473252, 4.812031545510726, 5.38910235789828, 6.023653741069346, 6.712440286230068, 7.449505136158345, 8.226132957594425, 9.03110888137835, 9.851299948529816, 10.672509418776567, 11.480490319758946, 12.26196463934221, 13.005493410779216, 13.702080976410606, 14.345459687017506, 14.932067575170645, 15.460782064780576, 15.932497895218292, 16.349637941488936, 16.71566916574672, 17.034672107252863, 17.310988880360068, 17.54895608365743, 17.752716763797697, 17.92609906720072, 18.07254699600759, 18.19508918118819, 18.296333490511987, 18.378477693780983, 18.443328768313958, 18.492325473460955, 18.52656046114298, 18.5467994290155, 18.553495722518885, 18.546799429015504, 18.526560461142985, 18.492325473460955, 18.443328768313958, 18.378477693780983, 18.296333490511984, 18.19508918118819, 18.07254699600759, 17.92609906720072, 17.752716763797697, 17.54895608365743, 17.310988880360068, 17.034672107252863, 16.715669165746725, 16.349637941488933, 15.932497895218292, 15.460782064780574, 14.932067575170638, 14.345459687017502, 13.702080976410603, 13.00549341077921, 12.261964639342208, 11.480490319758946, 10.672509418776567, 9.851299948529816}","{-2.7706049552029916*^-19, -2.74251229374142*^-19, -2.697203830905683*^-19, -2.636774633288569*^-19, -2.5638454189659556*^-19, -2.481321724867134*^-19, -2.3921630022523425*^-19, -2.2991898540462553*^-19, -2.20494486901692*^-19, -2.111609926282688*^-19, -2.0209736979074257*^-19, -1.934437998058078*^-19, -1.8530505869277125*^-19, -1.7775529179565787*^-19, -1.7084336910235502*^-19, -1.6459821002374597*^-19, -1.590337026253795*^-19, -1.5415296095815536*^-19, -1.4995190862257621*^-19, -1.4642222364382105*^-19, -1.4355359677681965*^-19, -1.413355324064597*^-19, -1.3975864496709198*^-19, -1.3881560701561983*^-19, -1.385017923211796*^-19, -1.3881560702367406*^-19, -1.3975864462981003*^-19, -1.413355324000895*^-19, -1.4355359705530372*^-19, -1.4642222106960922*^-19, -1.4995191098169865*^-19, -1.541529575873712*^-19, -1.5903370486434703*^-19, -1.645982091786248*^-19, -1.708433669739821*^-19, -1.77755288403197*^-19, -1.8530505986609245*^-19, -1.9344379942682178*^-19, -2.0209736979827834*^-19, -2.111609953839402*^-19, -2.204944871610223*^-19, -2.299189847024515*^-19, -2.3921630091303006*^-19, -2.4813217187273156*^-19, -2.563845412663866*^-19, -2.6367746332335646*^-19, -2.697203838095996*^-19, -2.7425123072253333*^-19, -2.7706049306153835*^-19, -2.780125711941933*^-19, -2.7706049423487496*^-19, -2.742512282270674*^-19, -2.6972038615879194*^-19, -2.6367746576198437*^-19, -2.5638454294673736*^-19, -2.4813217245189875*^-19, -2.3921630032741793*^-19, -2.2991898655124564*^-19, -2.204944877696547*^-19, -2.111609952660163*^-19, -2.0209736793151297*^-19, -1.934437997793933*^-19, -1.8530506091019146*^-19, -1.7775529478706465*^-19, -1.7084336799499615*^-19, -1.6459820702745504*^-19, -1.5903370710713867*^-19, -1.5415295847522644*^-19, -1.4995190927745556*^-19, -1.4642222103764649*^-19, -1.4355360147827657*^-19, -1.4133553691175449*^-19, -1.397586419578642*^-19, -1.3881560652561626*^-19, -1.3850178851684397*^-19, -1.3881560663587574*^-19, -1.397586419866399*^-19, -1.4133553191189244*^-19, -1.4355359649995412*^-19, -1.4642222098652614*^-19, -1.4995191174236702*^-19, -1.5415295833839451*^-19, -1.5903370728758598*^-19, -1.6459821199257793*^-19, -1.708433704609553*^-19, -1.7775529491424382*^-19, -1.853050584428487*^-19, -1.9344379729677253*^-19, -2.0209737278053002*^-19, -2.111609927189385*^-19, -2.2049448778585407*^-19, -2.299189851487126*^-19, -2.3921630385777386*^-19, -2.481321735336705*^-19, -2.563845405561637*^-19, -2.6367746198717554*^-19, -2.6972038244923825*^-19, -2.7425122809844916*^-19, -2.770604942542159*^-19, -2.7801257001919577*^-19}","{-2.7706049552032073*^-19, -2.7425122937418823*^-19, -2.697203830905991*^-19, -2.636774633288908*^-19, -2.5638454189660326*^-19, -2.481321724867211*^-19, -2.392163002252281*^-19, -2.2991898540463323*^-19, -2.204944869017336*^-19, -2.1116099262829037*^-19, -2.0209736979076568*^-19, -1.9344379980583863*^-19, -1.8530505869280668*^-19, -1.7775529179566558*^-19, -1.7084336910237197*^-19, -1.6459821002375214*^-19, -1.5903370262539338*^-19, -1.5415296095816152*^-19, -1.4995190862261473*^-19, -1.4642222364383492*^-19, -1.435535967768597*^-19, -1.4133553240647356*^-19, -1.39758644967102*^-19, -1.388156070156437*^-19, -1.3850179232120811*^-19, -1.3881560702368023*^-19, -1.3975864462982544*^-19, -1.413355324001103*^-19, -1.4355359705532606*^-19, -1.4642222106963233*^-19, -1.4995191098171251*^-19, -1.541529575873558*^-19, -1.5903370486437014*^-19, -1.6459820917863713*^-19, -1.7084336697399905*^-19, -1.7775528840321394*^-19, -1.853050598661094*^-19, -1.9344379942684489*^-19, -2.0209736979831224*^-19, -2.1116099538396795*^-19, -2.2049448716107007*^-19, -2.299189847024854*^-19, -2.3921630091304393*^-19, -2.4813217187275775*^-19, -2.563845412663912*^-19, -2.6367746332341655*^-19, -2.6972038380963504*^-19, -2.7425123072254103*^-19, -2.7706049306158766*^-19, -2.7801257119424415*^-19, -2.770604942348996*^-19, -2.742512282271321*^-19, -2.697203861588135*^-19, -2.6367746576203213*^-19, -2.5638454294676664*^-19, -2.481321724519034*^-19, -2.392163003274241*^-19, -2.299189865512826*^-19, -2.2049448776969783*^-19, -2.1116099526605327*^-19, -2.0209736793151913*^-19, -1.9344379977940562*^-19, -1.8530506091019916*^-19, -1.7775529478706927*^-19, -1.7084336799501926*^-19, -1.645982070274797*^-19, -1.5903370710714791*^-19, -1.5415295847521258*^-19, -1.4995190927747097*^-19, -1.4642222103764186*^-19, -1.4355360147829197*^-19, -1.4133553691176835*^-19, -1.3975864195789039*^-19, -1.3881560652562858*^-19, -1.3850178851684397*^-19, -1.388156066358873*^-19, -1.3975864198666994*^-19, -1.4133553191190091*^-19, -1.435535964999703*^-19, -1.4642222098651382*^-19, -1.4995191174239475*^-19, -1.541529583383976*^-19, -1.5903370728759368*^-19, -1.6459821199260567*^-19, -1.7084337046098304*^-19, -1.7775529491428234*^-19, -1.8530505844286566*^-19, -1.934437972968203*^-19, -2.0209737278052232*^-19, -2.1116099271897086*^-19, -2.204944877858741*^-19, -2.2991898514874955*^-19, -2.3921630385778773*^-19, -2.48132173533689*^-19, -2.5638454055618375*^-19, -2.6367746198720636*^-19, -2.697203824492937*^-19, -2.742512280984769*^-19, -2.77060494254256*^-19, -2.7801257001924045*^-19}"
0.791,"{10.637684210287523, 11.40726551596849, 12.153400590644718, 12.865828837401239, 13.536316195658062, 14.15892080024304, 14.730012730255831, 15.248090768146028, 15.71346092276167, 16.127845308446226, 16.493980355107485, 16.815246751604974, 17.095355808433194, 17.338101852782902, 17.54717947848359, 17.726058014933944, 17.87790264077471, 18.00553106523742, 18.111395632661065, 18.197582310894305, 18.26581979854055, 18.317493642090287, 18.353661659758874, 18.375068090533826, 18.38215474627021, 18.375068090533826, 18.353661659758874, 18.317493642090287, 18.26581979854055, 18.197582310894305, 18.11139563266107, 18.00553106523742, 17.87790264077471, 17.726058014933944, 17.54717947848359, 17.3381018527829, 17.095355808433194, 16.815246751604974, 16.49398035510749, 16.127845308446222, 15.71346092276167, 15.248090768146026, 14.730012730255833, 14.158920800243036, 13.536316195658062, 12.865828837401233, 12.153400590644715, 11.407265515968483, 10.637684210287524, 9.856428567247898, 9.076062337354726, 8.309108226610281, 7.567219278004066, 6.8604714652827825, 6.19686603422908, 5.582084002113114, 5.019486166337869, 4.510313341377769, 4.054020661583019, 3.6486769207152867, 3.2913703031789563, 2.97857890125479, 2.706482308879574, 2.4712056228431862, 2.268997817825253, 2.0963527189653406, 1.9500835381444421, 1.8273622794226252, 1.7257342643132172, 1.6431163396701527, 1.577785506673639, 1.5283630276696083, 1.4937976531042985, 1.4733504912962232, 1.466583193242408, 1.473350491296223, 1.4937976531042985, 1.5283630276696083, 1.5777855066736395, 1.643116339670153, 1.7257342643132185, 1.827362279422626, 1.9500835381444424, 2.0963527189653415, 2.2689978178252526, 2.4712056228431853, 2.706482308879574, 2.97857890125479, 3.291370303178957, 3.648676920715286, 4.05402066158302, 4.510313341377773, 5.019486166337876, 5.5820840021131195, 6.1968660342290836, 6.860471465282789, 7.567219278004067, 8.30910822661028, 9.076062337354728, 9.856428567247896}","{9.076062337354738, 8.309108226610293, 7.56721927800408, 6.860471465282791, 6.196866034229092, 5.582084002113123, 5.019486166337884, 4.510313341377781, 4.054020661583028, 3.6486769207152934, 3.291370303178964, 2.9785789012547967, 2.7064823088795804, 2.471205622843191, 2.2689978178252574, 2.0963527189653455, 1.9500835381444466, 1.8273622794226292, 1.7257342643132219, 1.643116339670157, 1.577785506673643, 1.5283630276696116, 1.4937976531043016, 1.4733504912962267, 1.4665831932424114, 1.4733504912962267, 1.4937976531043022, 1.528363027669612, 1.5777855066736435, 1.6431163396701567, 1.7257342643132212, 1.8273622794226299, 1.9500835381444466, 2.096352718965347, 2.2689978178252574, 2.471205622843193, 2.70648230887958, 2.9785789012547967, 3.2913703031789634, 3.648676920715294, 4.054020661583028, 4.510313341377784, 5.019486166337881, 5.582084002113127, 6.196866034229093, 6.860471465282798, 7.5672192780040834, 8.309108226610299, 9.076062337354738, 9.856428567247908, 10.637684210287537, 11.407265515968502, 12.153400590644733, 12.865828837401247, 13.536316195658076, 14.158920800243049, 14.730012730255845, 15.24809076814604, 15.713460922761676, 16.127845308446233, 16.493980355107492, 16.81524675160498, 17.0953558084332, 17.33810185278291, 17.547179478483592, 17.72605801493395, 17.877902640774717, 18.005531065237424, 18.111395632661072, 18.197582310894308, 18.26581979854056, 18.31749364209029, 18.353661659758878, 18.37506809053383, 18.382154746270217, 18.37506809053383, 18.353661659758878, 18.31749364209029, 18.26581979854056, 18.197582310894308, 18.111395632661072, 18.005531065237424, 17.877902640774714, 17.72605801493395, 17.547179478483592, 17.338101852782906, 17.0953558084332, 16.815246751604978, 16.493980355107492, 16.127845308446233, 15.713460922761678, 15.248090768146035, 14.73001273025584, 14.158920800243044, 13.536316195658072, 12.865828837401242, 12.153400590644733, 11.407265515968502, 10.637684210287535, 9.85642856724791}","{-8.107042459958234*^-19, -8.031783205040851*^-19, -7.910161337641421*^-19, -7.747483807915998*^-19, -7.55043986503819*^-19, -7.326518930377901*^-19, -7.083443911501637*^-19, -6.828680503374284*^-19, -6.569070702923134*^-19, -6.310597218373934*^-19, -6.058270187909327*^-19, -5.816119444574195*^-19, -5.587254767813266*^-19, -5.373962055800581*^-19, -5.177841633321688*^-19, -4.999932432516519*^-19, -4.840837554580441*^-19, -4.700839813616824*^-19, -4.579995344640738*^-19, -4.478214549664665*^-19, -4.395327117427056*^-19, -4.33113248877255*^-19, -4.2854385302868115*^-19, -4.258089807758695*^-19, -4.2489849273800834*^-19, -4.258089779950362*^-19, -4.2854385795212846*^-19, -4.3311326793256917*^-19, -4.395327102767616*^-19, -4.478214457801721*^-19, -4.579995791947798*^-19, -4.700839962408995*^-19, -4.840837732294748*^-19, -4.999932183499663*^-19, -5.177842205910028*^-19, -5.37396169927283*^-19, -5.587253879884805*^-19, -5.816120109030842*^-19, -6.058269965600066*^-19, -6.310596340990818*^-19, -6.569070855137297*^-19, -6.828680770600792*^-19, -7.083444050334438*^-19, -7.326519035224418*^-19, -7.550439723352238*^-19, -7.747484074548827*^-19, -7.910161593243571*^-19, -8.031783164992417*^-19, -8.1070424547483625*^-19, -8.132522384736166*^-19, -8.107042751271254*^-19, -8.031783158167414*^-19, -7.910160542981587*^-19, -7.747484182453289*^-19, -7.550439451585219*^-19, -7.326518786251966*^-19, -7.083444012966467*^-19, -6.828680474515164*^-19, -6.569070978490922*^-19, -6.310596581059372*^-19, -6.0582703409885255*^-19, -5.816120016901903*^-19, -5.587254320985286*^-19, -5.373961685411743*^-19, -5.177841813918758*^-19, -4.999931369191399*^-19, -4.84083672769228*^-19, -4.700839492479685*^-19, -4.579995875400068*^-19, -4.478214216682872*^-19, -4.395327537452932*^-19, -4.331132302871715*^-19, -4.2854397661622506*^-19, -4.2580893181354417*^-19, -4.2489847053594033*^-19, -4.2580892659097683*^-19, -4.2854391902035946*^-19, -4.331132855781889*^-19, -4.395327404368831*^-19, -4.478214765099713*^-19, -4.57999633169669*^-19, -4.70083951669565*^-19, -4.840836753671226*^-19, -4.999931949570727*^-19, -5.177840758345398*^-19, -5.373962702799674*^-19, -5.587254855619186*^-19, -5.816120524715703*^-19, -6.058270370216562*^-19, -6.310596556705633*^-19, -6.569070441702877*^-19, -6.828680760822307*^-19, -7.083443740016403*^-19, -7.326519014009421*^-19, -7.550439456338722*^-19, -7.747483604855312*^-19, -7.910161056558571*^-19, -8.03178347599294*^-19, -8.107042684307625*^-19, -8.132522581722623*^-19}","{-8.107042459955029*^-19, -8.031783205038571*^-19, -7.910161337641606*^-19, -7.747483807911314*^-19, -7.550439865037265*^-19, -7.3265189303751275*^-19, -7.08344391150743*^-19, -6.828680503369538*^-19, -6.569070702919128*^-19, -6.310597218370421*^-19, -6.058270187910067*^-19, -5.816119444576445*^-19, -5.587254767807319*^-19, -5.373962055799749*^-19, -5.177841633322119*^-19, -4.999932432516334*^-19, -4.840837554580595*^-19, -4.7008398136207375*^-19, -4.579995344638828*^-19, -4.478214549667747*^-19, -4.395327117423173*^-19, -4.3311324887722725*^-19, -4.2854385302838224*^-19, -4.258089807757832*^-19, -4.2489849273781113*^-19, -4.258089779948698*^-19, -4.2854385795194357*^-19, -4.331132679325784*^-19, -4.395327102768726*^-19, -4.4782144578037235*^-19, -4.579995791946812*^-19, -4.700839962410659*^-19, -4.840837732294101*^-19, -4.999932183498153*^-19, -5.177842205908456*^-19, -5.373961699272245*^-19, -5.587253879882309*^-19, -5.81612010902887*^-19, -6.058269965601052*^-19, -6.310596340990509*^-19, -6.569070855134215*^-19, -6.828680770599683*^-19, -7.083444050335856*^-19, -7.326519035225465*^-19, -7.550439723345213*^-19, -7.747484074547533*^-19, -7.910161593244557*^-19, -8.03178316498046*^-19, -8.107042454745404*^-19, -8.132522384737029*^-19, -8.107042751271316*^-19, -8.031783158167229*^-19, -7.910160542979923*^-19, -7.747484182452118*^-19, -7.550439451586082*^-19, -7.326518786249562*^-19, -7.083444012964248*^-19, -6.828680474514301*^-19, -6.5690709784904905*^-19, -6.310596581059557*^-19, -6.058270340984458*^-19, -5.816120016905354*^-19, -5.587254320987997*^-19, -5.373961685412359*^-19, -5.177841813920329*^-19, -4.999931369193864*^-19, -4.840836727691633*^-19, -4.700839492478483*^-19, -4.579995875400869*^-19, -4.478214216682656*^-19, -4.39532753745247*^-19, -4.3311323028708215*^-19, -4.285439766164531*^-19, -4.2580893181374754*^-19, -4.248984705358787*^-19, -4.258089265908844*^-19, -4.2854391902058133*^-19, -4.3311328557839846*^-19, -4.395327404368215*^-19, -4.478214765096785*^-19, -4.579996331697245*^-19, -4.700839516693185*^-19, -4.840836753670918*^-19, -4.999931949569556*^-19, -5.177840758341639*^-19, -5.373962702797147*^-19, -5.5872548556145635*^-19, -5.816120524712622*^-19, -6.0582703702134185*^-19, -6.310596556705079*^-19, -6.569070441699919*^-19, -6.828680760825881*^-19, -7.083443740017512*^-19, -7.326519014010222*^-19, -7.550439456343221*^-19, -7.747483604854018*^-19, -7.910161056555982*^-19, -8.031783475988194*^-19, -8.107042684309844*^-19, -8.132522581720712*^-19}"
0.8300000000000001,"{10.605754085395883, 11.340355787634211, 12.05406925736352, 12.737641599952799, 13.383517512982287, 13.986083655818915, 14.54171420782517, 15.048646944094205, 15.506737767903637, 15.917146999782242, 16.28200547275053, 16.604097038706414, 16.886580765679895, 17.13276400154117, 17.34592820534237, 17.529203381291207, 17.685483707828215, 17.81737582188567, 17.927171451963844, 18.01683707390515, 18.08801454602982, 18.14202798629633, 18.17989333315128, 18.202328022864208, 18.209759014242834, 18.202328022864208, 18.17989333315128, 18.142027986296327, 18.08801454602982, 18.01683707390515, 17.927171451963844, 17.817375821885665, 17.685483707828215, 17.529203381291207, 17.345928205342368, 17.13276400154117, 16.886580765679895, 16.604097038706414, 16.28200547275053, 15.91714699978224, 15.506737767903637, 15.048646944094202, 14.541714207825173, 13.986083655818911, 13.383517512982284, 12.737641599952795, 12.054069257363517, 11.340355787634204, 10.605754085395883, 9.860772830844242, 9.116575456536848, 8.384291374872788, 7.674330517439974, 6.995791647893888, 6.356034330552624, 5.760450570870878, 5.212435248057883, 4.713524154398235, 4.263650510228685, 3.861466178230592, 3.5046796496027306, 3.1903747163777596, 2.915287257462568, 2.6760296908280714, 2.469261832205763, 2.2918128296062314, 2.1407619392373496, 2.0134869104665576, 1.9076884106871952, 1.8213978664641446, 1.752974766091372, 1.7010981347640426, 1.6647557017242465, 1.6432332851522107, 1.636106126754058, 1.6432332851522107, 1.6647557017242456, 1.7010981347640428, 1.7529747660913724, 1.8213978664641455, 1.907688410687197, 2.0134869104665576, 2.14076193923735, 2.291812829606232, 2.469261832205763, 2.6760296908280714, 2.9152872574625674, 3.1903747163777583, 3.504679649602732, 3.861466178230591, 4.263650510228685, 4.713524154398239, 5.212435248057889, 5.7604505708708835, 6.356034330552626, 6.995791647893894, 7.674330517439976, 8.384291374872786, 9.11657545653685, 9.860772830844242}","{9.116575456536847, 8.384291374872785, 7.674330517439973, 6.995791647893882, 6.356034330552623, 5.760450570870874, 5.2124352480578855, 4.713524154398234, 4.2636505102286835, 3.8614661782305886, 3.5046796496027297, 3.190374716377756, 2.9152872574625657, 2.67602969082807, 2.469261832205761, 2.29181282960623, 2.1407619392373487, 2.0134869104665563, 1.907688410687195, 1.821397866464144, 1.7529747660913708, 1.7010981347640415, 1.664755701724244, 1.6432332851522096, 1.636106126754057, 1.6432332851522096, 1.6647557017242454, 1.7010981347640417, 1.7529747660913721, 1.821397866464144, 1.9076884106871952, 2.0134869104665576, 2.1407619392373496, 2.291812829606231, 2.469261832205762, 2.676029690828071, 2.9152872574625657, 3.190374716377758, 3.5046796496027293, 3.8614661782305904, 4.263650510228684, 4.713524154398236, 5.212435248057883, 5.760450570870877, 6.356034330552625, 6.995791647893887, 7.674330517439977, 8.384291374872792, 9.116575456536845, 9.860772830844239, 10.605754085395882, 11.340355787634207, 12.054069257363519, 12.737641599952793, 13.383517512982285, 13.986083655818911, 14.541714207825173, 15.048646944094205, 15.506737767903635, 15.917146999782238, 16.28200547275053, 16.60409703870641, 16.88658076567989, 17.13276400154117, 17.345928205342368, 17.529203381291204, 17.685483707828215, 17.81737582188567, 17.927171451963844, 18.01683707390515, 18.08801454602982, 18.142027986296327, 18.179893333151277, 18.202328022864208, 18.209759014242834, 18.202328022864208, 18.17989333315128, 18.142027986296327, 18.088014546029818, 18.01683707390515, 17.927171451963844, 17.81737582188567, 17.685483707828215, 17.529203381291204, 17.345928205342368, 17.13276400154117, 16.886580765679895, 16.604097038706414, 16.28200547275053, 15.91714699978224, 15.506737767903635, 15.048646944094202, 14.541714207825166, 13.986083655818904, 13.383517512982284, 12.737641599952788, 12.054069257363519, 11.340355787634207, 10.60575408539588, 9.860772830844239}","{-1.7894465845623802*^-13, -1.7747861333786305*^-13, -1.7510444919087244*^-13, -1.7191915701891735*^-13, -1.6804597866056883*^-13, -1.6362440713997342*^-13, -1.5880010990338348*^-13, -1.5371610492394107*^-13, -1.4850577844543073*^-13, -1.4328809753526189*^-13, -1.381650409734483*^-13, -1.3322078515618612*^-13, -1.28522307338595*^-13, -1.2412091180022742*^-13, -1.2005429907376576*^-13, -1.1634883463539088*^-13, -1.1302178229606316*^-13, -1.1008343965368714*^-13, -1.0753896848134379*^-13, -1.0538997670321578*^-13, -1.0363586337098431*^-13, -1.0227475601011626*^-13, -1.0130414844592973*^-13, -1.007507075264083*^-13, -1.0049597968316162*^-13, -1.0075070923630049*^-13, -1.0130416300969216*^-13, -1.0227475917679538*^-13, -1.0363587512691658*^-13, -1.0538997698083574*^-13, -1.0753896902149626*^-13, -1.1008344678007935*^-13, -1.130217844818852*^-13, -1.1634883818411365*^-13, -1.2005429623271166*^-13, -1.2412091649280072*^-13, -1.2852230825204412*^-13, -1.3322077686748267*^-13, -1.3816503632392503*^-13, -1.4328809480371824*^-13, -1.4850577671050462*^-13, -1.5371610349865395*^-13, -1.5880011080438713*^-13, -1.6362440884273582*^-13, -1.6804598259570328*^-13, -1.71919155455401*^-13, -1.7510445028836905*^-13, -1.7747861174492948*^-13, -1.7894465315256313*^-13, -1.7944046870330586*^-13, -1.7894465482900903*^-13, -1.7747861318016115*^-13, -1.7510444903948061*^-13, -1.7191915474916646*^-13, -1.6804597443014685*^-13, -1.636244057892725*^-13, -1.5880010150535597*^-13, -1.5371610976750523*^-13, -1.4850577836518048*^-13, -1.432880948376896*^-13, -1.381650428082807*^-13, -1.332207812301442*^-13, -1.285222998102657*^-13, -1.241209052601955*^-13, -1.200543063860862*^-13, -1.163488343586081*^-13, -1.130217856835994*^-13, -1.1008344916192553*^-13, -1.075389778870556*^-13, -1.0538997319065611*^-13, -1.036358555384324*^-13, -1.0227475535553518*^-13, -1.0130414656686508*^-13, -1.0075070661592206*^-13, -1.0049594701105981*^-13, -1.007507060804255*^-13, -1.0130416468331865*^-13, -1.0227475534566727*^-13, -1.0363585656888396*^-13, -1.053899919110834*^-13, -1.0753896130385631*^-13, -1.1008344326026146*^-13, -1.1302178372697465*^-13, -1.1634883459334825*^-13, -1.2005430335802092*^-13, -1.2412091316470607*^-13, -1.285222950609555*^-13, -1.3322077773758297*^-13, -1.381650281073211*^-13, -1.4328809833684817*^-13, -1.4850577746542588*^-13, -1.5371610722875808*^-13, -1.5880010398345944*^-13, -1.6362440524381696*^-13, -1.6804597670384684*^-13, -1.7191915418585384*^-13, -1.75104447674176*^-13, -1.774786076152533*^-13, -1.7894465459821413*^-13, -1.7944046654709177*^-13}","{-1.7894465845613099*^-13, -1.7747861333770997*^-13, -1.7510444919094655*^-13, -1.719191570189949*^-13, -1.6804597866065567*^-13, -1.6362440713997766*^-13, -1.5880010990343599*^-13, -1.5371610492392451*^-13, -1.485057784453865*^-13, -1.4328809753522634*^-13, -1.381650409733239*^-13, -1.3322078515622398*^-13, -1.285223073387417*^-13, -1.2412091180018572*^-13, -1.2005429907385906*^-13, -1.16348834635373*^-13, -1.1302178229606801*^-13, -1.1008343965376328*^-13, -1.0753896848131794*^-13, -1.0538997670319558*^-13, -1.0363586337095685*^-13, -1.0227475601009525*^-13, -1.0130414844590318*^-13, -1.0075070752638003*^-13, -1.0049597968328249*^-13, -1.0075070923627969*^-13, -1.0130416300962147*^-13, -1.0227475917680345*^-13, -1.0363587512686417*^-13, -1.0538997698081727*^-13, -1.0753896902133622*^-13, -1.1008344678013125*^-13, -1.1302178448172142*^-13, -1.1634883818404367*^-13, -1.2005429623262664*^-13, -1.241209164928719*^-13, -1.285223082521138*^-13, -1.3322077686749166*^-13, -1.3816503632384749*^-13, -1.4328809480354578*^-13, -1.4850577671048018*^-13, -1.5371610349868646*^-13, -1.5880011080446428*^-13, -1.6362440884284951*^-13, -1.6804598259581476*^-13, -1.7191915545545955*^-13, -1.751044502883006*^-13, -1.774786117448491*^-13, -1.7894465315270066*^-13, -1.7944046870321195*^-13, -1.7894465482913848*^-13, -1.7747861317999898*^-13, -1.7510444903956745*^-13, -1.7191915474925552*^-13, -1.68045974430182*^-13, -1.6362440578894696*^-13, -1.5880010150519643*^-13, -1.5371610976749715*^-13, -1.4850577836508314*^-13, -1.4328809483770434*^-13, -1.3816504280827989*^-13, -1.3322078123029696*^-13, -1.285222998101192*^-13, -1.241209052601131*^-13, -1.200543063860775*^-13, -1.1634883435856911*^-13, -1.1302178568370038*^-13, -1.1008344916191594*^-13, -1.0753897788713042*^-13, -1.0538997319071447*^-13, -1.0363585553851207*^-13, -1.0227475535552962*^-13, -1.0130414656684387*^-13, -1.0075070661597547*^-13, -1.004959470110589*^-13, -1.007507060805493*^-13, -1.0130416468326039*^-13, -1.022747553456384*^-13, -1.0363585656893465*^-13, -1.0538999191105099*^-13, -1.0753896130389408*^-13, -1.1008344326033022*^-13, -1.1302178372706563*^-13, -1.1634883459338158*^-13, -1.2005430335788793*^-13, -1.2412091316464487*^-13, -1.28522295061007*^-13, -1.3322077773760821*^-13, -1.3816502810735624*^-13, -1.4328809833684837*^-13, -1.4850577746554725*^-13, -1.537161072288746*^-13, -1.5880010398357839*^-13, -1.6362440524395853*^-13, -1.680459767038426*^-13, -1.719191541859849*^-13, -1.751044476740833*^-13, -1.7747860761526965*^-13, -1.7894465459815435*^-13, -1.7944046654718285*^-13}"
0.869,"{10.576391490400392, 11.279004578676515, 11.962885645706166, 12.619648139152245, 13.24234061028076, 13.825669678063782, 14.366060790361065, 14.861576844940203, 15.311730439130848, 15.717231389084452, 16.07970867949854, 16.401438174951426, 16.685097435888544, 16.933559329474555, 17.149728276854784, 17.336417468487763, 17.49626209776998, 17.6316621661168, 17.744748161489582, 17.837363417337038, 17.911057841509688, 17.96708870731727, 18.00642516775178, 18.029754012870864, 18.037484915740592, 18.029754012870864, 18.00642516775178, 17.96708870731727, 17.911057841509688, 17.837363417337038, 17.744748161489586, 17.6316621661168, 17.49626209776998, 17.336417468487763, 17.149728276854784, 16.933559329474555, 16.685097435888544, 16.401438174951426, 16.07970867949854, 15.71723138908445, 15.31173043913085, 14.8615768449402, 14.366060790361065, 13.825669678063779, 13.24234061028076, 12.61964813915224, 11.962885645706164, 11.27900457867651, 10.576391490400393, 9.864487012247798, 9.153278961051205, 8.452726595552194, 7.772187476977183, 7.11991795251346, 6.502703088251054, 5.925646592124263, 5.392123138062245, 4.903871555076229, 4.461192109611374, 4.063205769428005, 3.7081362857068187, 3.39358409271018, 3.1167711929425934, 2.8747458982921805, 2.664544104964869, 2.4833091987381852, 2.3283758606567906, 2.1973244377217283, 2.0880127084568043, 1.998591303141414, 1.9275081107687184, 1.8735059739419686, 1.8356169889466534, 1.81315586365428, 1.8057140614121105, 1.81315586365428, 1.8356169889466525, 1.8735059739419684, 1.9275081107687186, 1.9985913031414144, 2.088012708456805, 2.1973244377217287, 2.3283758606567906, 2.483309198738187, 2.6645441049648686, 2.87474589829218, 3.116771192942592, 3.3935840927101797, 3.7081362857068196, 4.063205769428005, 4.461192109611375, 4.903871555076232, 5.3921231380622485, 5.925646592124268, 6.502703088251057, 7.119917952513466, 7.772187476977186, 8.45272659555219, 9.153278961051205, 9.864487012247798}","{9.153278961051203, 8.452726595552189, 7.772187476977185, 7.119917952513456, 6.502703088251053, 5.925646592124261, 5.392123138062246, 4.903871555076228, 4.461192109611373, 4.063205769428003, 3.708136285706818, 3.3935840927101784, 3.1167711929425908, 2.874745898292179, 2.6645441049648673, 2.4833091987381843, 2.3283758606567884, 2.1973244377217274, 2.0880127084568043, 1.9985913031414133, 1.9275081107687175, 1.8735059739419673, 1.8356169889466512, 1.8131558636542793, 1.8057140614121097, 1.8131558636542795, 1.835616988946652, 1.8735059739419677, 1.9275081107687178, 1.998591303141413, 2.088012708456804, 2.197324437721728, 2.3283758606567893, 2.4833091987381852, 2.6645441049648677, 2.8747458982921805, 3.1167711929425916, 3.393584092710179, 3.7081362857068174, 4.063205769428004, 4.461192109611371, 4.90387155507623, 5.392123138062245, 5.925646592124264, 6.502703088251053, 7.11991795251346, 7.772187476977186, 8.452726595552194, 9.153278961051203, 9.864487012247796, 10.576391490400392, 11.27900457867651, 11.962885645706168, 12.619648139152241, 13.242340610280758, 13.82566967806378, 14.366060790361065, 14.861576844940203, 15.311730439130848, 15.717231389084448, 16.07970867949854, 16.401438174951426, 16.685097435888544, 16.933559329474555, 17.149728276854784, 17.336417468487763, 17.496262097769975, 17.6316621661168, 17.744748161489582, 17.837363417337034, 17.911057841509688, 17.96708870731727, 18.00642516775178, 18.029754012870864, 18.037484915740592, 18.029754012870864, 18.00642516775178, 17.96708870731727, 17.911057841509688, 17.837363417337034, 17.744748161489582, 17.6316621661168, 17.496262097769975, 17.336417468487763, 17.14972827685478, 16.93355932947455, 16.685097435888544, 16.401438174951426, 16.079708679498538, 15.71723138908445, 15.311730439130846, 14.8615768449402, 14.366060790361061, 13.825669678063775, 13.242340610280756, 12.619648139152233, 11.962885645706164, 11.279004578676513, 10.57639149040039, 9.864487012247796}","{3.3354377699861106*^-17, 3.309942672340449*^-17, 3.268597229570719*^-17, 3.213013469637766*^-17, 3.14525115458531*^-17, 3.067658123487395*^-17, 2.9827082126318627*^-17, 2.8928550108729806*^-17, 2.800413872389295*^-17, 2.7074780044542628*^-17, 2.615868644321339*^-17, 2.5271152169996314*^-17, 2.44245913053927*^-17, 2.3628742654114017*^-17, 2.2890977072527206*^-17, 2.2216654383480358*^-17, 2.1609490115413963*^-17, 2.1071905159647715*^-17, 2.0605342197783052*^-17, 2.0210540420675548*^-17, 1.9887766185234344*^-17, 1.963700021425956*^-17, 1.945808425142176*^-17, 1.9350830413799608*^-17, 1.9315096471558273*^-17, 1.9350830416085333*^-17, 1.9458084250443965*^-17, 1.9637000218001127*^-17, 1.988776618632317*^-17, 2.0210540422890077*^-17, 2.0605342202460603*^-17, 2.1071905163025223*^-17, 2.1609490111731954*^-17, 2.2216654385348775*^-17, 2.2890977074623998*^-17, 2.362874265222213*^-17, 2.4424591306474426*^-17, 2.5271152166719584*^-17, 2.6158686445204277*^-17, 2.7074780046414595*^-17, 2.800413872628024*^-17, 2.892855010665688*^-17, 2.982708212731062*^-17, 3.0676581235566174*^-17, 3.1452511545822336*^-17, 3.213013469535096*^-17, 3.2685972295926496*^-17, 3.309942672564525*^-17, 3.3354377704348146*^-17, 3.3440540019321874*^-17, 3.335437769664413*^-17, 3.309942672275723*^-17, 3.26859722960539*^-17, 3.2130134695716595*^-17, 3.1452511549262164*^-17, 3.0676581234554855*^-17, 2.982708212653517*^-17, 2.892855010976854*^-17, 2.800413872507486*^-17, 2.7074780047186495*^-17, 2.6158686449171458*^-17, 2.5271152163884812*^-17, 2.4424591304406624*^-17, 2.3628742653494564*^-17, 2.2890977073603212*^-17, 2.2216654386874827*^-17, 2.1609490110443153*^-17, 2.1071905156179094*^-17, 2.0605342203079465*^-17, 2.021054042477368*^-17, 1.9887766187978396*^-17, 1.9637000227156646*^-17, 1.9458084249475836*^-17, 1.935083041795454*^-17, 1.9315096467902888*^-17, 1.935083041992807*^-17, 1.945808425087291*^-17, 1.9637000225141896*^-17, 1.988776618224318*^-17, 2.021054042843577*^-17, 2.0605342207751888*^-17, 2.1071905168681158*^-17, 2.1609490114232446*^-17, 2.221665439089072*^-17, 2.2890977075365725*^-17, 2.362874265090986*^-17, 2.4424591306471073*^-17, 2.5271152164027596*^-17, 2.6158686453500924*^-17, 2.7074780046154863*^-17, 2.8004138722326666*^-17, 2.8928550109981926*^-17, 2.982708212956282*^-17, 3.067658123713995*^-17, 3.145251154731762*^-17, 3.213013469748956*^-17, 3.268597229349641*^-17, 3.309942672168359*^-17, 3.3354377702085693*^-17, 3.344054002017187*^-17}","{3.3354377699852034*^-17, 3.3099426723389503*^-17, 3.2685972295692204*^-17, 3.213013469636346*^-17, 3.145251154583575*^-17, 3.067658123485738*^-17, 2.9827082126306794*^-17, 2.8928550108717973*^-17, 2.8004138723879145*^-17, 2.7074780044534542*^-17, 2.6158686443201162*^-17, 2.527115216998803*^-17, 2.4424591305382248*^-17, 2.3628742654109678*^-17, 2.2890977072515965*^-17, 2.221665438346951*^-17, 2.1609490115406074*^-17, 2.1071905159641404*^-17, 2.0605342197772403*^-17, 2.021054042066825*^-17, 1.988776618522744*^-17, 1.9637000214252657*^-17, 1.9458084251412884*^-17, 1.9350830413789945*^-17, 1.9315096471549595*^-17, 1.9350830416072316*^-17, 1.9458084250435288*^-17, 1.9637000217989688*^-17, 1.9887766186315478*^-17, 2.02105404228814*^-17, 2.0605342202449756*^-17, 2.1071905163013982*^-17, 2.160949011172032*^-17, 2.2216654385340295*^-17, 2.2890977074612954*^-17, 2.3628742652214243*^-17, 2.4424591306466538*^-17, 2.527115216670499*^-17, 2.6158686445190275*^-17, 2.7074780046403748*^-17, 2.8004138726269*^-17, 2.8928550106643467*^-17, 2.982708212730115*^-17, 3.067658123555158*^-17, 3.145251154580656*^-17, 3.213013469533715*^-17, 3.268597229590441*^-17, 3.309942672562711*^-17, 3.335437770433513*^-17, 3.344054001930807*^-17, 3.335437769662796*^-17, 3.309942672274106*^-17, 3.2685972296038514*^-17, 3.213013469570437*^-17, 3.1452511549248754*^-17, 3.0676581234537105*^-17, 2.9827082126517025*^-17, 2.8928550109758087*^-17, 2.8004138725061056*^-17, 2.7074780047179*^-17, 2.6158686449159625*^-17, 2.5271152163871796*^-17, 2.4424591304395383*^-17, 2.362874265348628*^-17, 2.289097707359414*^-17, 2.2216654386865558*^-17, 2.1609490110431912*^-17, 2.1071905156170022*^-17, 2.0605342203069407*^-17, 2.021054042476796*^-17, 1.9887766187971297*^-17, 1.9637000227148363*^-17, 1.9458084249468342*^-17, 1.935083041794941*^-17, 1.931509646789579*^-17, 1.935083041992255*^-17, 1.9458084250867387*^-17, 1.9637000225133415*^-17, 1.9887766182232728*^-17, 2.0210540428426895*^-17, 2.0605342207742816*^-17, 2.1071905168672875*^-17, 2.1609490114225346*^-17, 2.221665439088224*^-17, 2.2890977075354878*^-17, 2.3628742650900395*^-17, 2.4424591306463382*^-17, 2.5271152164013988*^-17, 2.6158686453488894*^-17, 2.7074780046146185*^-17, 2.800413872231523*^-17, 2.8928550109972854*^-17, 2.9827082129551773*^-17, 3.067658123712812*^-17, 3.1452511547306184*^-17, 3.213013469748088*^-17, 3.2685972293482605*^-17, 3.3099426721671364*^-17, 3.335437770206755*^-17, 3.34405400201628*^-17}"
0.908,"{10.549312209514627, 11.222566097548695, 11.87891974393501, 12.510735339525207, 13.111598562924504, 13.676521122874371, 14.202009801798987, 14.686015687431606, 15.127790476814576, 15.527682573829667, 15.886904956790435, 16.2073015077653, 16.491131029162776, 16.74088050874643, 16.959112619785778, 17.14834754643193, 17.31097606389648, 17.44919912538273, 17.564988634721903, 17.660064236586084, 17.73588152050889, 17.793627781633262, 17.83422226200089, 17.858318528478073, 17.866307291499258, 17.858318528478073, 17.83422226200089, 17.793627781633262, 17.73588152050889, 17.660064236586084, 17.564988634721903, 17.44919912538273, 17.31097606389648, 17.14834754643193, 16.959112619785778, 16.74088050874643, 16.491131029162776, 16.2073015077653, 15.886904956790435, 15.527682573829667, 15.127790476814576, 14.686015687431603, 14.20200980179899, 13.676521122874368, 13.111598562924504, 12.510735339525203, 11.878919743935006, 11.222566097548688, 10.549312209514627, 9.867688887956012, 9.186688694603717, 8.515279945154736, 7.861922788140039, 7.234143867594158, 6.63821466999641, 6.078959482740118, 5.559697168420381, 5.082301887733467, 4.6473550439008315, 4.254355284452328, 3.9019545088060363, 3.5881933919704023, 3.310717566511481, 3.0669633331558446, 2.854308332728916, 2.6701874504788985, 2.512177305905785, 2.3780542788340098, 2.2658315249098084, 2.1737802246156064, 2.100439704559814, 2.044620295818413, 2.005401997083315, 1.9821312704512268, 1.9744176480350903, 1.9821312704512268, 2.005401997083315, 2.044620295818413, 2.100439704559815, 2.173780224615608, 2.2658315249098093, 2.3780542788340107, 2.512177305905785, 2.670187450478899, 2.854308332728916, 3.0669633331558446, 3.31071756651148, 3.5881933919704023, 3.901954508806038, 4.254355284452328, 4.647355043900831, 5.082301887733471, 5.559697168420385, 6.078959482740124, 6.638214669996413, 7.234143867594161, 7.861922788140039, 8.515279945154736, 9.186688694603717, 9.86768888795601}","{9.186688694603722, 8.515279945154742, 7.861922788140045, 7.234143867594159, 6.638214669996414, 6.078959482740121, 5.559697168420389, 5.082301887733473, 4.647355043900834, 4.2543552844523305, 3.90195450880604, 3.588193391970404, 3.310717566511482, 3.066963333155847, 2.854308332728918, 2.6701874504789007, 2.5121773059057855, 2.3780542788340115, 2.2658315249098107, 2.1737802246156095, 2.100439704559816, 2.044620295818414, 2.005401997083317, 1.9821312704512282, 1.9744176480350917, 1.9821312704512282, 2.005401997083317, 2.0446202958184148, 2.1004397045598164, 2.1737802246156095, 2.26583152490981, 2.378054278834013, 2.512177305905786, 2.670187450478902, 2.8543083327289183, 3.0669633331558477, 3.3107175665114834, 3.5881933919704045, 3.901954508806039, 4.2543552844523305, 4.647355043900834, 5.082301887733475, 5.559697168420386, 6.078959482740124, 6.6382146699964135, 7.234143867594162, 7.861922788140048, 8.515279945154749, 9.186688694603722, 9.867688887956016, 10.549312209514632, 11.222566097548698, 11.878919743935015, 12.510735339525208, 13.11159856292451, 13.676521122874375, 14.202009801798996, 14.686015687431611, 15.12779047681458, 15.527682573829669, 15.886904956790437, 16.207301507765305, 16.49113102916278, 16.740880508746432, 16.95911261978578, 17.148347546431932, 17.310976063896483, 17.449199125382734, 17.564988634721903, 17.660064236586084, 17.735881520508894, 17.793627781633262, 17.83422226200089, 17.858318528478073, 17.866307291499258, 17.858318528478073, 17.83422226200089, 17.793627781633262, 17.73588152050889, 17.660064236586084, 17.564988634721903, 17.44919912538273, 17.31097606389648, 17.14834754643193, 16.95911261978578, 16.74088050874643, 16.49113102916278, 16.207301507765305, 15.886904956790437, 15.52768257382967, 15.127790476814578, 14.686015687431608, 14.20200980179899, 13.67652112287437, 13.111598562924506, 12.510735339525203, 11.878919743935015, 11.2225660975487, 10.549312209514632, 9.867688887956017}","{-1.1420718266411701*^-19, -1.1340937900201729*^-19, -1.1211374987208223*^-19, -1.1036835255965405*^-19, -1.0823494077288309*^-19, -1.0578441872429159*^-19, -1.03092169982291*^-19, -1.0023374968680657*^-19, -9.728132019403565*^-20, -9.430101602881297*^-20, -9.135126526180195*^-20, -8.848198853515578*^-20, -8.573451146399974*^-20, -8.314200995459365*^-20, -8.07302988209653*^-20, -7.851881407019005*^-20, -7.652165704837327*^-20, -7.474863682148244*^-20, -7.320621865886453*^-20, -7.189837444889457*^-20, -7.082730290607887*^-20, -6.999403863790279*^-20, -6.939890936065188*^-20, -6.904190331825563*^-20, -6.89229191904301*^-20, -6.904190323782494*^-20, -6.939891077576049*^-20, -6.999403869042444*^-20, -7.082730404315562*^-20, -7.189837319759709*^-20, -7.320621871225208*^-20, -7.474863746098054*^-20, -7.6521656858237*^-20, -7.851881358898104*^-20, -8.073029980220349*^-20, -8.314201089767687*^-20, -8.573451101629652*^-20, -8.848198867849119*^-20, -9.135126474213136*^-20, -9.430101508365823*^-20, -9.728132019493622*^-20, -1.0023374906154108*^-19, -1.030921699312708*^-19, -1.0578441873425173*^-19, -1.0823494044522771*^-19, -1.1036835288702747*^-19, -1.1211374986226153*^-19, -1.1340938026444048*^-19, -1.1420718204183133*^-19, -1.1447661056219038*^-19, -1.1420718200296452*^-19, -1.1340937903195702*^-19, -1.121137492199431*^-19, -1.103683541401569*^-19, -1.0823494080550526*^-19, -1.057844193991775*^-19, -1.030921702722721*^-19, -1.0023374847603681*^-19, -9.728132020813577*^-20, -9.430101662332982*^-20, -9.13512668097458*^-20, -8.84819867592658*^-20, -8.573450949706212*^-20, -8.314200753915395*^-20, -8.073029863706749*^-20, -7.851881619432746*^-20, -7.65216586163414*^-20, -7.474863747707284*^-20, -7.320622070233013*^-20, -7.189837429283493*^-20, -7.082730267307987*^-20, -6.99940380363039*^-20, -6.939891095928005*^-20, -6.904190439347073*^-20, -6.892291930666614*^-20, -6.90419043303842*^-20, -6.939891095477722*^-20, -6.999403928872228*^-20, -7.082730264594506*^-20, -7.189837426607375*^-20, -7.320621948987403*^-20, -7.474863862719121*^-20, -7.652165860284064*^-20, -7.8518816168161*^-20, -8.073030118638475*^-20, -8.314201141011906*^-20, -8.573451210836197*^-20, -8.848198789314935*^-20, -9.13512661385284*^-20, -9.430101662562784*^-20, -9.728131951896485*^-20, -1.0023374773757287*^-19, -1.0309216966421134*^-19, -1.0578441810232638*^-19, -1.0823494078036109*^-19, -1.1036835284015265*^-19, -1.1211374988105244*^-19, -1.1340937901900014*^-19, -1.1420718267460332*^-19, -1.1447661120117773*^-19}","{-1.1420718266408543*^-19, -1.134093790019934*^-19, -1.1211374987206605*^-19, -1.10368352559624*^-19, -1.082349407728646*^-19, -1.0578441872425461*^-19, -1.0309216998226095*^-19, -1.0023374968678114*^-19, -9.728132019400484*^-20, -9.430101602877291*^-20, -9.13512652617696*^-20, -8.848198853513421*^-20, -8.573451146397123*^-20, -8.314200995457671*^-20, -8.073029882094295*^-20, -7.851881407016231*^-20, -7.652165704835324*^-20, -7.474863682145239*^-20, -7.32062186588445*^-20, -7.189837444887685*^-20, -7.082730290604806*^-20, -6.999403863787814*^-20, -6.939890936063493*^-20, -6.904190331823791*^-20, -6.892291919041238*^-20, -6.904190323780414*^-20, -6.939891077573892*^-20, -6.99940386903944*^-20, -7.08273040431325*^-20, -7.189837319757089*^-20, -7.32062187122282*^-20, -7.474863746095127*^-20, -7.652165685822082*^-20, -7.851881358895639*^-20, -8.073029980218346*^-20, -8.314201089765915*^-20, -8.573451101627264*^-20, -8.848198867847039*^-20, -9.135126474210516*^-20, -9.430101508363434*^-20, -9.728132019490694*^-20, -1.0023374906150565*^-19, -1.0309216993124692*^-19, -1.0578441873422553*^-19, -1.0823494044520152*^-19, -1.1036835288699126*^-19, -1.1211374986224304*^-19, -1.1340938026439734*^-19, -1.1420718204178588*^-19, -1.1447661056215032*^-19, -1.142071820029314*^-19, -1.1340937903193006*^-19, -1.1211374921991536*^-19, -1.1036835414013533*^-19, -1.0823494080549371*^-19, -1.0578441939915362*^-19, -1.03092170272249*^-19, -1.002337484759929*^-19, -9.72813202081011*^-20, -9.430101662330209*^-20, -9.135126680973117*^-20, -8.848198675923421*^-20, -8.573450949703516*^-20, -8.314200753913161*^-20, -8.073029863705516*^-20, -7.851881619431436*^-20, -7.652165861631136*^-20, -7.474863747705358*^-20, -7.320622070232474*^-20, -7.189837429282106*^-20, -7.082730267305676*^-20, -6.999403803628156*^-20, -6.939891095925539*^-20, -6.904190439345533*^-20, -6.892291930664765*^-20, -6.90419043303765*^-20, -6.939891095475103*^-20, -6.999403928870533*^-20, -7.082730264591963*^-20, -7.189837426604986*^-20, -7.320621948986093*^-20, -7.474863862717426*^-20, -7.652165860281521*^-20, -7.851881616813789*^-20, -8.073030118636549*^-20, -8.314201141009672*^-20, -8.573451210834425*^-20, -8.84819878931324*^-20, -9.135126613849065*^-20, -9.430101662560165*^-20, -9.728131951893712*^-20, -1.0023374773754591*^-19, -1.0309216966419439*^-19, -1.0578441810230327*^-19, -1.0823494078033182*^-19, -1.1036835284011798*^-19, -1.121137498810301*^-19, -1.1340937901896316*^-19, -1.1420718267455864*^-19, -1.1447661120114846*^-19}"
0.9470000000000001,"{10.524269623226497, 11.170487135136113, 11.801371881297186, 12.409936498700494, 12.990244870714792, 13.537595746697523, 14.048595565520682, 14.521129747400627, 14.954252797094279, 15.348023083581467, 15.703308482043683, 16.02158556898761, 16.304749495687272, 16.554945596035488, 16.774428314833518, 16.96544875424692, 17.1301691855518, 17.270601139102652, 17.388562911392484, 17.485652227305454, 17.56323011220628, 17.622412563875024, 17.664067231392114, 17.68881292327033, 17.697020337992118, 17.68881292327033, 17.664067231392114, 17.622412563875024, 17.56323011220628, 17.485652227305454, 17.388562911392484, 17.270601139102652, 17.1301691855518, 16.96544875424692, 16.774428314833518, 16.554945596035484, 16.304749495687272, 16.02158556898761, 15.703308482043685, 15.348023083581467, 14.954252797094279, 14.521129747400625, 14.048595565520683, 13.537595746697521, 12.990244870714792, 12.409936498700489, 11.801371881297184, 11.170487135136106, 10.524269623226498, 9.870469694414611, 9.21723083283005, 8.572675727433708, 7.9444940230601055, 7.339577263834311, 6.763737845929429, 6.221534050572564, 5.716206249163535, 5.2497140621102565, 4.822853419167416, 4.435427250337523, 4.086443506387491, 3.774317932772724, 3.497064734675644, 3.2524644090360137, 3.038203495840077, 2.8519852542705624, 2.691613163793877, 2.5550508226487234, 2.4404625328061567, 2.346238913379019, 2.2710115313899757, 2.213659977823277, 2.1733141835261955, 2.14935414549204, 2.1414086598768525, 2.14935414549204, 2.173314183526194, 2.213659977823277, 2.2710115313899766, 2.3462389133790196, 2.4404625328061584, 2.555050822648724, 2.691613163793878, 2.851985254270564, 3.0382034958400768, 3.2524644090360133, 3.497064734675643, 3.774317932772723, 4.086443506387492, 4.435427250337523, 4.822853419167416, 5.249714062110261, 5.716206249163539, 6.221534050572568, 6.763737845929432, 7.3395772638343155, 7.9444940230601055, 8.572675727433706, 9.217230832830051, 9.870469694414611}","{9.217230832830047, 8.572675727433705, 7.9444940230601055, 7.339577263834306, 6.763737845929427, 6.221534050572562, 5.716206249163537, 5.249714062110257, 4.822853419167414, 4.43542725033752, 4.08644350638749, 3.7743179327727217, 3.497064734675642, 3.2524644090360124, 3.0382034958400763, 2.851985254270561, 2.691613163793876, 2.5550508226487216, 2.4404625328061575, 2.3462389133790182, 2.2710115313899752, 2.213659977823276, 2.1733141835261933, 2.1493541454920395, 2.1414086598768516, 2.1493541454920395, 2.1733141835261947, 2.2136599778232755, 2.2710115313899757, 2.346238913379018, 2.440462532806157, 2.5550508226487234, 2.6916131637938756, 2.8519852542705624, 3.0382034958400763, 3.2524644090360133, 3.497064734675643, 3.774317932772722, 4.08644350638749, 4.43542725033752, 4.822853419167415, 5.249714062110258, 5.716206249163535, 6.221534050572564, 6.763737845929428, 7.339577263834311, 7.944494023060106, 8.572675727433712, 9.217230832830047, 9.870469694414608, 10.524269623226497, 11.17048713513611, 11.801371881297186, 12.409936498700489, 12.99024487071479, 13.53759574669752, 14.048595565520685, 14.521129747400627, 14.954252797094277, 15.348023083581463, 15.703308482043683, 16.021585568987607, 16.30474949568727, 16.554945596035484, 16.774428314833518, 16.96544875424692, 17.130169185551797, 17.270601139102652, 17.388562911392487, 17.485652227305454, 17.56323011220628, 17.622412563875024, 17.66406723139211, 17.688812923270326, 17.697020337992118, 17.68881292327033, 17.664067231392114, 17.622412563875024, 17.56323011220628, 17.485652227305454, 17.388562911392484, 17.270601139102652, 17.130169185551797, 16.965448754246918, 16.774428314833514, 16.554945596035484, 16.30474949568727, 16.021585568987607, 15.703308482043681, 15.348023083581463, 14.954252797094275, 14.521129747400623, 14.04859556552068, 13.537595746697516, 12.990244870714788, 12.409936498700484, 11.801371881297186, 11.170487135136112, 10.524269623226495, 9.87046969441461}","{-8.593688833073425*^-13, -8.538329212326219*^-13, -8.448316097971404*^-13, -8.326842007982871*^-13, -8.178028789343958*^-13, -8.006638220288861*^-13, -7.817773023299064*^-13, -7.616594257305506*^-13, -7.408083153793218*^-13, -7.196858277123912*^-13, -6.98705394436307*^-13, -6.782254634440027*^-13, -6.585478421938184*^-13, -6.399193373669374*^-13, -6.225362028262404*^-13, -6.065503357023147*^-13, -5.920757016801339*^-13, -5.79194877728217*^-13, -5.679658306779895*^-13, -5.584271110778891*^-13, -5.506033643261591*^-13, -5.445092248302838*^-13, -5.401527129014227*^-13, -5.375373215313375*^-13, -5.366640832656392*^-13, -5.375373348639238*^-13, -5.401527796780657*^-13, -5.445092245393477*^-13, -5.506033337353092*^-13, -5.584271101580582*^-13, -5.67965832074558*^-13, -5.79194892134561*^-13, -5.920757668265727*^-13, -6.065503305065775*^-13, -6.225361743365265*^-13, -6.399192377041475*^-13, -6.585478925205096*^-13, -6.782254416803792*^-13, -6.987054086995778*^-13, -7.196858628444837*^-13, -7.408083138475731*^-13, -7.616594201381804*^-13, -7.817773039194939*^-13, -8.006638248005599*^-13, -8.178028921194019*^-13, -8.326842288281164*^-13, -8.448316195004189*^-13, -8.538329254736884*^-13, -8.593688739026423*^-13, -8.612373155620543*^-13, -8.593689032878967*^-13, -8.538329237951976*^-13, -8.448316181497533*^-13, -8.326842175666905*^-13, -8.178028981630355*^-13, -8.006638463024915*^-13, -7.817772956334561*^-13, -7.616594518877496*^-13, -7.408083333859645*^-13, -7.196858294034796*^-13, -6.987054419472891*^-13, -6.78225444387709*^-13, -6.585477951058254*^-13, -6.399192444472811*^-13, -6.225362400274743*^-13, -6.065502839959085*^-13, -5.920756750408937*^-13, -5.79195042115624*^-13, -5.67965712712211*^-13, -5.584271226550876*^-13, -5.506034948230284*^-13, -5.445093117481369*^-13, -5.40152733535248*^-13, -5.375372585591183*^-13, -5.366642038284199*^-13, -5.375372623981827*^-13, -5.401527510413391*^-13, -5.445093162425069*^-13, -5.506033527967061*^-13, -5.584271238152948*^-13, -5.679657084183072*^-13, -5.791949321076642*^-13, -5.920756240086781*^-13, -6.065503826958633*^-13, -6.225362569057082*^-13, -6.399192657527379*^-13, -6.585478492286608*^-13, -6.782254511668605*^-13, -6.987053886632875*^-13, -7.196858643644225*^-13, -7.408083307430304*^-13, -7.616594323317144*^-13, -7.817773217134955*^-13, -8.006638387305198*^-13, -8.178028976629951*^-13, -8.32684193091119*^-13, -8.448315995946688*^-13, -8.538329238939956*^-13, -8.593688790154028*^-13, -8.612372767500962*^-13}","{-8.593688833068676*^-13, -8.538329212328336*^-13, -8.448316097973714*^-13, -8.326842007981829*^-13, -8.17802878934441*^-13, -8.006638220289087*^-13, -7.817773023299137*^-13, -7.616594257308697*^-13, -7.408083153793686*^-13, -7.196858277120972*^-13, -6.987053944362715*^-13, -6.782254634439276*^-13, -6.585478421938273*^-13, -6.399193373667355*^-13, -6.225362028259758*^-13, -6.065503357021834*^-13, -5.920757016800648*^-13, -5.791948777281088*^-13, -5.679658306779112*^-13, -5.584271110778677*^-13, -5.506033643265065*^-13, -5.445092248301558*^-13, -5.401527129013702*^-13, -5.375373215312527*^-13, -5.366640832656598*^-13, -5.37537334863757*^-13, -5.40152779678121*^-13, -5.445092245393089*^-13, -5.506033337356388*^-13, -5.584271101581669*^-13, -5.679658320746016*^-13, -5.791948921344164*^-13, -5.920757668265056*^-13, -6.065503305063998*^-13, -6.225361743366105*^-13, -6.399192377042631*^-13, -6.585478925205831*^-13, -6.782254416806005*^-13, -6.987054086996998*^-13, -7.196858628444078*^-13, -7.408083138473195*^-13, -7.616594201383363*^-13, -7.817773039194608*^-13, -8.006638248004622*^-13, -8.178028921198914*^-13, -8.326842288277424*^-13, -8.448316195005586*^-13, -8.538329254738532*^-13, -8.593688739026092*^-13, -8.612373155622127*^-13, -8.593689032878757*^-13, -8.538329237950441*^-13, -8.448316181494431*^-13, -8.326842175667753*^-13, -8.178028981631227*^-13, -8.00663846302435*^-13, -7.817772956334456*^-13, -7.616594518876777*^-13, -7.408083333859233*^-13, -7.19685829403373*^-13, -6.987054419470831*^-13, -6.782254443878181*^-13, -6.585477951057438*^-13, -6.3991924444721*^-13, -6.225362400271722*^-13, -6.065502839960781*^-13, -5.920756750406239*^-13, -5.791950421157597*^-13, -5.679657127122272*^-13, -5.584271226550254*^-13, -5.506034948229182*^-13, -5.445093117483332*^-13, -5.401527335352177*^-13, -5.375372585592992*^-13, -5.36664203828573*^-13, -5.375372623980873*^-13, -5.401527510414114*^-13, -5.445093162425048*^-13, -5.506033527965862*^-13, -5.584271238152944*^-13, -5.679657084184332*^-13, -5.791949321072946*^-13, -5.920756240086854*^-13, -6.065503826959421*^-13, -6.22536256905562*^-13, -6.399192657526619*^-13, -6.585478492287068*^-13, -6.782254511668281*^-13, -6.987053886632463*^-13, -7.196858643642472*^-13, -7.408083307430296*^-13, -7.616594323316765*^-13, -7.817773217137734*^-13, -8.006638387303816*^-13, -8.178028976629046*^-13, -8.326841930909469*^-13, -8.448315995945202*^-13, -8.538329238937783*^-13, -8.593688790154352*^-13, -8.612372767498862*^-13}"
0.986,"{10.501049438607748, 11.122291934626562, 11.729552034102596, 12.316410252797365, 12.87735690376278, 13.407958481559088, 13.904931359919498, 14.366128978949725, 14.790458008704656, 15.177744056178756, 15.528568435419855, 15.844095282905966, 16.125904165167352, 16.375838527780438, 16.5958758035831, 16.788021279795316, 16.95422512573797, 17.096320272639023, 17.215977949384282, 17.314677400328257, 17.393686438652985, 17.454049852709346, 17.496583159944425, 17.521869712791048, 17.530259657696174, 17.521869712791048, 17.496583159944425, 17.454049852709346, 17.393686438652985, 17.314677400328257, 17.215977949384282, 17.09632027263902, 16.95422512573797, 16.788021279795313, 16.5958758035831, 16.375838527780434, 16.125904165167352, 15.844095282905966, 15.528568435419857, 15.177744056178755, 14.790458008704656, 14.366128978949723, 13.9049313599195, 13.407958481559085, 12.87735690376278, 12.316410252797361, 11.729552034102595, 11.122291934626555, 10.50104943860775, 9.872901040607633, 9.245260683903334, 8.625524312481913, 8.020715800031319, 7.437171324770648, 6.880292537754397, 6.354387381658847, 5.862603995286643, 5.406950749806875, 4.988386331529125, 4.606958938150109, 4.261972933730877, 3.9521637357277966, 3.6758659732008727, 3.43116482226659, 3.2160249737210105, 3.028395387309298, 2.8662906457939856, 2.7278513848810473, 2.61138711626573, 2.51540499839669, 2.4386279500534704, 2.380005114322121, 2.3387171875539434, 2.314178608677294, 2.306038102915383, 2.314178608677294, 2.3387171875539425, 2.380005114322121, 2.4386279500534713, 2.515404998396691, 2.6113871162657314, 2.7278513848810473, 2.8662906457939865, 3.0283953873092995, 3.21602497372101, 3.43116482226659, 3.675865973200872, 3.9521637357277952, 4.261972933730877, 4.606958938150108, 4.988386331529124, 5.406950749806879, 5.862603995286649, 6.35438738165885, 6.8802925377544, 7.437171324770653, 8.02071580003132, 8.625524312481911, 9.245260683903338, 9.872901040607633}","{9.245260683903322, 8.625524312481897, 8.020715800031308, 7.437171324770632, 6.880292537754384, 6.3543873816588325, 5.862603995286636, 5.406950749806866, 4.988386331529113, 4.606958938150098, 4.261972933730867, 3.952163735727785, 3.6758659732008634, 3.43116482226658, 3.2160249737210016, 3.0283953873092906, 2.866290645793977, 2.7278513848810397, 2.6113871162657243, 2.5154049983966837, 2.438627950053465, 2.3800051143221146, 2.3387171875539363, 2.3141786086772873, 2.3060381029153767, 2.3141786086772878, 2.338717187553937, 2.3800051143221146, 2.4386279500534656, 2.5154049983966837, 2.6113871162657243, 2.727851384881041, 2.8662906457939785, 3.028395387309291, 3.2160249737210025, 3.431164822266582, 3.6758659732008634, 3.9521637357277855, 4.261972933730866, 4.606958938150099, 4.988386331529113, 5.406950749806867, 5.862603995286633, 6.354387381658836, 6.880292537754385, 7.4371713247706355, 8.020715800031308, 8.625524312481902, 9.24526068390332, 9.87290104060762, 10.501049438607735, 11.122291934626544, 11.729552034102584, 12.316410252797349, 12.877356903762768, 13.407958481559074, 13.90493135991949, 14.366128978949716, 14.790458008704642, 15.177744056178746, 15.528568435419846, 15.844095282905954, 16.12590416516734, 16.375838527780427, 16.595875803583095, 16.788021279795306, 16.954225125737963, 17.096320272639016, 17.215977949384275, 17.31467740032825, 17.39368643865298, 17.45404985270934, 17.496583159944418, 17.52186971279104, 17.530259657696167, 17.52186971279104, 17.496583159944418, 17.45404985270934, 17.393686438652978, 17.31467740032825, 17.215977949384275, 17.096320272639012, 16.954225125737963, 16.788021279795306, 16.595875803583095, 16.37583852778043, 16.12590416516734, 15.844095282905956, 15.528568435419846, 15.177744056178746, 14.790458008704643, 14.36612897894971, 13.904931359919486, 13.40795848155907, 12.877356903762767, 12.316410252797343, 11.729552034102582, 11.122291934626547, 10.501049438607732, 9.872901040607621}","{4.3743798109507096*^-17, 4.3484186039558144*^-17, 4.306158772011619*^-17, 4.249039449705222*^-17, 4.1789199204176935*^-17, 4.097965510550109*^-17, 4.0085118793455974*^-17, 3.912939147564466*^-17, 3.8135708611805126*^-17, 3.712579845450274*^-17, 3.611938563807396*^-17, 3.5133776696741053*^-17, 3.4183762894878497*^-17, 3.328165253526036*^-17, 3.24374107728475*^-17, 3.1658953155668666*^-17, 3.0952328416755044*^-17, 3.0322112600633735*^-17, 2.9771611946492055*^-17, 2.930317159249462*^-17, 2.89184157467344*^-17, 2.8618352683049464*^-17, 2.840367148193914*^-17, 2.827473384715406*^-17, 2.8231730483252913*^-17, 2.827472929392821*^-17, 2.840367058757015*^-17, 2.8618345536548995*^-17, 2.891841864633788*^-17, 2.9303171596632334*^-17, 2.977161210536042*^-17, 3.032210156192572*^-17, 3.095233210237773*^-17, 3.1658945205231395*^-17, 3.2437417609141026*^-17, 3.328165102033065*^-17, 3.418375419986877*^-17, 3.51337771260051*^-17, 3.6119389785056894*^-17, 3.712580392693614*^-17, 3.813570503848331*^-17, 3.912939570222854*^-17, 4.008511187765397*^-17, 4.097965706647093*^-17, 4.178919267067862*^-17, 4.2490393508699114*^-17, 4.3061591125894344*^-17, 4.3484182674804013*^-17, 4.374379506172058*^-17, 4.383136636340318*^-17, 4.374379584130315*^-17, 4.348418117782695*^-17, 4.306159124933325*^-17, 4.2490382672038416*^-17, 4.178919593482493*^-17, 4.0979658471536404*^-17, 4.008511576869897*^-17, 3.9129390168793966*^-17, 3.813570525690848*^-17, 3.712579462951074*^-17, 3.6119387550277983*^-17, 3.513378505454597*^-17, 3.418376107456479*^-17, 3.328164193423084*^-17, 3.24374109852701*^-17, 3.165895417524167*^-17, 3.0952314857918353*^-17, 3.0322110541159426*^-17, 2.977160007488983*^-17, 2.930316325757441*^-17, 2.891839870218237*^-17, 2.8618355325058996*^-17, 2.8403673464859084*^-17, 2.827472250824684*^-17, 2.8231733906878513*^-17, 2.827471723741937*^-17, 2.8403664609801795*^-17, 2.861834880180712*^-17, 2.891841524187734*^-17, 2.9303168495945077*^-17, 2.9771602431637063*^-17, 3.032211013929677*^-17, 3.095232535943735*^-17, 3.16589431919612*^-17, 3.2437412075873816*^-17, 3.328166008974733*^-17, 3.418375168146032*^-17, 3.513376832308448*^-17, 3.611939064980389*^-17, 3.71258017396709*^-17, 3.813570954351242*^-17, 3.9129396999220045*^-17, 4.008511327912197*^-17, 4.0979651483849055*^-17, 4.1789203820698336*^-17, 4.2490389204561725*^-17, 4.3061598792417975*^-17, 4.3484183663353*^-17, 4.374379972353056*^-17, 4.383136829400602*^-17}","{4.3743798109495706*^-17, 4.348418603953958*^-17, 4.3061587720109364*^-17, 4.249039449704184*^-17, 4.178919920417102*^-17, 4.0979655105498797*^-17, 4.008511879345018*^-17, 3.9129391475635536*^-17, 3.8135708611797176*^-17, 3.7125798454507376*^-17, 3.6119385638060315*^-17, 3.5133776696734286*^-17, 3.41837628948809*^-17, 3.328165253524889*^-17, 3.243741077284755*^-17, 3.165895315566746*^-17, 3.095232841675549*^-17, 3.0322112600629027*^-17, 2.9771611946482194*^-17, 2.9303171592497606*^-17, 2.891841574673854*^-17, 2.8618352683042623*^-17, 2.8403671481935763*^-17, 2.8274733847148873*^-17, 2.8231730483250115*^-17, 2.827472929392826*^-17, 2.8403670587564453*^-17, 2.8618345536538715*^-17, 2.891841864633167*^-17, 2.930317159663179*^-17, 2.9771612105358115*^-17, 3.032210156191778*^-17, 3.0952332102372456*^-17, 3.1658945205226834*^-17, 3.243741760913643*^-17, 3.3281651020322735*^-17, 3.418375419985959*^-17, 3.513377712599247*^-17, 3.611938978505365*^-17, 3.712580392693718*^-17, 3.813570503847876*^-17, 3.912939570222161*^-17, 4.0085111877650715*^-17, 4.0979657066471964*^-17, 4.1789192670666144*^-17, 4.2490393508701456*^-17, 4.306159112588971*^-17, 4.3484182674801647*^-17, 4.374379506170907*^-17, 4.383136636340079*^-17, 4.374379584129637*^-17, 4.348418117781196*^-17, 4.306159124932623*^-17, 4.249038267203159*^-17, 4.178919593480533*^-17, 4.097965847151572*^-17, 4.008511576869101*^-17, 3.9129390168789356*^-17, 3.8135705256906296*^-17, 3.712579462949818*^-17, 3.6119387550285034*^-17, 3.513378505454607*^-17, 3.4183761074549886*^-17, 3.3281641934233207*^-17, 3.243741098526559*^-17, 3.165895417523936*^-17, 3.095231485790985*^-17, 3.032211054116226*^-17, 2.977160007488825*^-17, 2.930316325757154*^-17, 2.8918398702175*^-17, 2.8618355325052586*^-17, 2.840367346485105*^-17, 2.8274722508240036*^-17, 2.8231733906877355*^-17, 2.827471723740985*^-17, 2.840366460978639*^-17, 2.8618348801809856*^-17, 2.89184152418727*^-17, 2.9303168495938766*^-17, 2.977160243163472*^-17, 3.0322110139303784*^-17, 3.095232535942993*^-17, 3.1658943191953077*^-17, 3.243741207586711*^-17, 3.3281660089740316*^-17, 3.4183751681457005*^-17, 3.513376832308119*^-17, 3.611939064979467*^-17, 3.7125801739665035*^-17, 3.813570954350207*^-17, 3.91293969992074*^-17, 4.00851132791198*^-17, 4.097965148383966*^-17, 4.1789203820685886*^-17, 4.2490389204555957*^-17, 4.306159879241329*^-17, 4.3484183663344965*^-17, 4.3743799723536525*^-17, 4.383136829399103*^-17}"
1.025,"{10.479465042346296, 11.07756968268488, 11.66286257733128, 12.229422421949886, 12.772120576886936, 13.2867719135961, 13.770207539680078, 14.220273410749886, 14.635766681688823, 15.016326246553504, 15.362295221836325, 15.674571771677787, 15.954461615189121, 16.203541767247593, 16.423541320849953, 16.616241877307317, 16.78339779864477, 16.92667482018661, 17.047604622073226, 17.14755256242144, 17.227695760760504, 17.289008947444113, 17.332255854263014, 17.357984338179747, 17.366523857858816, 17.357984338179747, 17.332255854263014, 17.289008947444113, 17.227695760760504, 17.14755256242144, 17.04760462207323, 16.926674820186605, 16.78339779864477, 16.616241877307314, 16.423541320849953, 16.203541767247593, 15.95446161518912, 15.674571771677785, 15.362295221836327, 15.016326246553504, 14.635766681688825, 14.220273410749886, 13.770207539680081, 13.286771913596096, 12.772120576886932, 12.22942242194988, 11.662862577331278, 11.077569682684876, 10.4794650423463, 9.875039798516752, 9.271076917180512, 8.674343655696033, 8.091285170575139, 7.52774977077651, 6.988771058154677, 6.478423133870143, 5.9997543271141405, 5.554794798297797, 5.144625657374634, 4.769492820890356, 4.428947710565606, 4.121998410481149, 3.84725807246513, 3.603081214249853, 3.387682322281811, 3.1992343656007254, 3.0359472324064005, 2.8961277014948905, 2.778223462718081, 2.6808540627946256, 2.6028316388913, 2.543174053968754, 2.5011126733162072, 2.476096595386343, 2.46779471699879, 2.476096595386343, 2.501112673316207, 2.543174053968754, 2.6028316388913, 2.6808540627946265, 2.778223462718082, 2.896127701494891, 3.0359472324064023, 3.1992343656007254, 3.387682322281811, 3.603081214249853, 3.8472580724651295, 4.121998410481148, 4.428947710565607, 4.769492820890354, 5.144625657374634, 5.554794798297801, 5.999754327114147, 6.478423133870147, 6.988771058154681, 7.527749770776515, 8.091285170575139, 8.674343655696033, 9.271076917180514, 9.875039798516752}","{9.271076917180523, 8.674343655696038, 8.091285170575148, 7.527749770776513, 6.9887710581546845, 6.478423133870148, 5.99975432711415, 5.554794798297806, 5.1446256573746405, 4.76949282089036, 4.4289477105656125, 4.121998410481152, 3.8472580724651326, 3.603081214249857, 3.387682322281814, 3.1992343656007276, 3.035947232406404, 2.896127701494894, 2.778223462718085, 2.6808540627946296, 2.6028316388913026, 2.543174053968757, 2.501112673316208, 2.476096595386346, 2.4677947169987924, 2.476096595386346, 2.501112673316209, 2.543174053968757, 2.6028316388913035, 2.680854062794629, 2.778223462718084, 2.8961277014948945, 3.035947232406405, 3.1992343656007285, 3.3876823222818144, 3.6030812142498574, 3.8472580724651335, 4.121998410481153, 4.428947710565611, 4.769492820890361, 5.1446256573746405, 5.554794798297807, 5.999754327114147, 6.478423133870151, 6.988771058154686, 7.527749770776517, 8.09128517057515, 8.674343655696042, 9.271076917180519, 9.87503979851676, 10.479465042346305, 11.077569682684885, 11.662862577331287, 12.229422421949888, 12.772120576886941, 13.286771913596105, 13.770207539680086, 14.220273410749895, 14.63576668168883, 15.016326246553508, 15.36229522183633, 15.67457177167779, 15.954461615189125, 16.203541767247597, 16.423541320849957, 16.61624187730732, 16.783397798644774, 16.92667482018661, 17.047604622073234, 17.147552562421442, 17.227695760760504, 17.289008947444117, 17.332255854263018, 17.35798433817975, 17.36652385785882, 17.35798433817975, 17.332255854263018, 17.289008947444113, 17.227695760760508, 17.147552562421442, 17.047604622073234, 16.92667482018661, 16.783397798644774, 16.616241877307317, 16.423541320849957, 16.2035417672476, 15.954461615189125, 15.67457177167779, 15.36229522183633, 15.01632624655351, 14.63576668168883, 14.220273410749892, 13.770207539680081, 13.2867719135961, 12.77212057688694, 12.229422421949884, 11.662862577331287, 11.077569682684885, 10.479465042346305, 9.87503979851676}","{1.6946354642602805*^-12, 1.6853186692402852*^-12, 1.6701386713360261*^-12, 1.6495913895685542*^-12, 1.6243224946433873*^-12, 1.5950862865426028*^-12, 1.5627018479039012*^-12, 1.5280108197436026*^-12, 1.4918402418949063*^-12, 1.4549726811283828*^-12, 1.4181246144043677*^-12, 1.3819329615267599*^-12, 1.3469488848753032*^-12, 1.3136375254842192*^-12, 1.2823821804211043*^-12, 1.2534914772353643*^-12, 1.227208281014827*^-12, 1.2037193148773642*^-12, 1.183164725372434*^-12, 1.1656470580225088*^-12, 1.151239293794992*^-12, 1.1399917468614195*^-12, 1.1319377223014356*^-12, 1.127097901761118*^-12, 1.1254834556940718*^-12, 1.1270979017661987*^-12, 1.131937722327652*^-12, 1.1399917468470804*^-12, 1.1512392938040491*^-12, 1.165647058012309*^-12, 1.183164725396429*^-12, 1.2037193148499955*^-12, 1.2272082810765758*^-12, 1.25349147718489*^-12, 1.282382180446157*^-12, 1.3136375254693239*^-12, 1.3469488848882796*^-12, 1.3819329615012473*^-12, 1.41812461438376*^-12, 1.4549726811421375*^-12, 1.4918402419002238*^-12, 1.5280108197444354*^-12, 1.5627018478923146*^-12, 1.5950862865408408*^-12, 1.6243224946397078*^-12, 1.6495913895476121*^-12, 1.670138671358003*^-12, 1.6853186692618804*^-12, 1.6946354642435095*^-12, 1.6977766366053203*^-12, 1.694635464250533*^-12, 1.6853186692482008*^-12, 1.6701386713570893*^-12, 1.6495913895639041*^-12, 1.6243224946298089*^-12, 1.5950862865356404*^-12, 1.5627018478885571*^-12, 1.528010819745275*^-12, 1.4918402419108303*^-12, 1.4549726811419626*^-12, 1.4181246143797391*^-12, 1.381932961524588*^-12, 1.346948884888904*^-12, 1.3136375255347588*^-12, 1.2823821804467081*^-12, 1.253491477197368*^-12, 1.2272082810502611*^-12, 1.2037193148650871*^-12, 1.1831647253738118*^-12, 1.1656470580163853*^-12, 1.1512392937981799*^-12, 1.1399917468159254*^-12, 1.1319377223091286*^-12, 1.1270979017751772*^-12, 1.1254834556674798*^-12, 1.127097901784927*^-12, 1.131937722337634*^-12, 1.1399917468350814*^-12, 1.1512392938365176*^-12, 1.1656470580202232*^-12, 1.1831647254245984*^-12, 1.2037193148461319*^-12, 1.2272082810177884*^-12, 1.253491477221279*^-12, 1.2823821804445655*^-12, 1.3136375255150942*^-12, 1.3469488849351223*^-12, 1.381932961503942*^-12, 1.4181246143781538*^-12, 1.4549726811267353*^-12, 1.4918402418996816*^-12, 1.528010819738217*^-12, 1.5627018478714937*^-12, 1.5950862865516743*^-12, 1.62432249463231*^-12, 1.6495913895353377*^-12, 1.670138671344497*^-12, 1.6853186692233458*^-12, 1.6946354642489635*^-12, 1.6977766366036033*^-12}","{1.694635464260336*^-12, 1.6853186692401204*^-12, 1.6701386713360088*^-12, 1.6495913895686022*^-12, 1.6243224946432665*^-12, 1.5950862865423253*^-12, 1.562701847903813*^-12, 1.5280108197435212*^-12, 1.4918402418947667*^-12, 1.4549726811281514*^-12, 1.418124614404409*^-12, 1.3819329615265537*^-12, 1.346948884875403*^-12, 1.3136375254839166*^-12, 1.2823821804209825*^-12, 1.253491477235339*^-12, 1.227208281014754*^-12, 1.2037193148772844*^-12, 1.1831647253725773*^-12, 1.1656470580224906*^-12, 1.1512392937949828*^-12, 1.1399917468613856*^-12, 1.1319377223012574*^-12, 1.1270979017611926*^-12, 1.1254834556939599*^-12, 1.1270979017661933*^-12, 1.131937722327616*^-12, 1.139991746847177*^-12, 1.1512392938041069*^-12, 1.1656470580122226*^-12, 1.1831647253964363*^-12, 1.2037193148499733*^-12, 1.2272082810766045*^-12, 1.2534914771848564*^-12, 1.2823821804461463*^-12, 1.3136375254693037*^-12, 1.3469488848883172*^-12, 1.381932961501417*^-12, 1.418124614383776*^-12, 1.4549726811421837*^-12, 1.4918402419003038*^-12, 1.5280108197443579*^-12, 1.5627018478921431*^-12, 1.595086286540898*^-12, 1.6243224946397056*^-12, 1.6495913895474362*^-12, 1.670138671357959*^-12, 1.6853186692618773*^-12, 1.6946354642432526*^-12, 1.6977766366054229*^-12, 1.6946354642506687*^-12, 1.6853186692481859*^-12, 1.6701386713569528*^-12, 1.6495913895637139*^-12, 1.6243224946299345*^-12, 1.5950862865355594*^-12, 1.5627018478883225*^-12, 1.5280108197454149*^-12, 1.491840241910781*^-12, 1.4549726811419571*^-12, 1.4181246143797092*^-12, 1.3819329615245148*^-12, 1.346948884888898*^-12, 1.3136375255346893*^-12, 1.282382180446654*^-12, 1.2534914771972108*^-12, 1.2272082810503298*^-12, 1.2037193148649726*^-12, 1.183164725373848*^-12, 1.16564705801629*^-12, 1.1512392937980793*^-12, 1.1399917468159808*^-12, 1.1319377223092413*^-12, 1.1270979017750992*^-12, 1.1254834556673784*^-12, 1.127097901784926*^-12, 1.1319377223378448*^-12, 1.139991746835187*^-12, 1.1512392938365355*^-12, 1.1656470580202811*^-12, 1.1831647254245523*^-12, 1.203719314846127*^-12, 1.227208281017704*^-12, 1.2534914772211237*^-12, 1.2823821804445812*^-12, 1.3136375255150858*^-12, 1.3469488849352173*^-12, 1.3819329615040057*^-12, 1.4181246143780456*^-12, 1.4549726811267153*^-12, 1.4918402418997928*^-12, 1.5280108197382178*^-12, 1.5627018478712582*^-12, 1.5950862865515087*^-12, 1.6243224946318467*^-12, 1.6495913895353078*^-12, 1.6701386713445423*^-12, 1.6853186692235082*^-12, 1.6946354642490091*^-12, 1.697776636603732*^-12}"
1.064,"{10.45935348957707, 11.035964191498467, 11.600783954028614, 12.148330527255569, 12.67381657266117, 13.17328658696586, 13.643687512374742, 14.082875514273184, 14.489568038362968, 14.863254376921084, 15.204079453568005, 15.512714795396372, 15.790228413766746, 16.03796232565932, 16.2574233602292, 16.450190150885046, 16.617837043081074, 16.761874114017974, 16.883701552410166, 16.984576176260173, 17.0655877491778, 17.12764287515323, 17.17145451361126, 17.197535492325443, 17.206194760461162, 17.197535492325443, 17.171454513611256, 17.12764287515323, 17.0655877491778, 16.984576176260173, 16.883701552410166, 16.761874114017974, 16.61783704308107, 16.450190150885042, 16.2574233602292, 16.03796232565932, 15.790228413766746, 15.51271479539637, 15.204079453568005, 14.863254376921082, 14.489568038362968, 14.082875514273185, 13.643687512374745, 13.173286586965858, 12.67381657266117, 12.148330527255565, 11.60078395402861, 11.03596419149846, 10.45935348957707, 9.876931622259743, 9.294932475091416, 8.719576120937568, 8.156801849426937, 7.6120274932893235, 7.089956223233766, 6.594444754577923, 6.1284382577660015, 5.693968961523407, 5.292208905684303, 4.923563323020617, 4.587789798323279, 4.284129225095465, 4.011436926907416, 3.7683053616286752, 3.553172941332628, 3.3644162454807574, 3.2004250577925726, 3.0596611644112626, 2.9407027693047074, 2.84227682485234, 2.7632816687756248, 2.702802220048985, 2.6601197104532615, 2.634717583185699, 2.6262848195043462, 2.634717583185699, 2.6601197104532615, 2.702802220048986, 2.7632816687756256, 2.842276824852342, 2.9407027693047088, 3.059661164411264, 3.2004250577925735, 3.3644162454807587, 3.5531729413326283, 3.7683053616286744, 4.0114369269074155, 4.284129225095464, 4.58778979832328, 4.923563323020615, 5.292208905684303, 5.693968961523412, 6.128438257766006, 6.594444754577927, 7.089956223233769, 7.612027493289328, 8.15680184942694, 8.719576120937566, 9.294932475091418, 9.876931622259743}","{9.294932475091423, 8.719576120937575, 8.156801849426948, 7.61202749328933, 7.0899562232337745, 6.594444754577929, 6.128438257766011, 5.693968961523417, 5.292208905684309, 4.923563323020621, 4.587789798323286, 4.284129225095469, 4.01143692690742, 3.7683053616286792, 3.5531729413326323, 3.3644162454807622, 3.200425057792576, 3.0596611644112666, 2.9407027693047127, 2.8422768248523447, 2.7632816687756296, 2.7028022200489885, 2.6601197104532646, 2.634717583185702, 2.6262848195043498, 2.6347175831857026, 2.660119710453265, 2.702802220048989, 2.763281668775629, 2.8422768248523447, 2.9407027693047127, 3.059661164411268, 3.2004250577925766, 3.3644162454807636, 3.5531729413326327, 3.7683053616286806, 4.01143692690742, 4.2841292250954695, 4.587789798323285, 4.923563323020622, 5.292208905684309, 5.693968961523417, 6.128438257766008, 6.594444754577931, 7.089956223233775, 7.612027493289334, 8.156801849426952, 8.71957612093758, 9.294932475091423, 9.876931622259754, 10.459353489577078, 11.035964191498472, 11.600783954028623, 12.148330527255576, 12.67381657266118, 13.173286586965867, 13.643687512374752, 14.082875514273194, 14.489568038362973, 14.863254376921088, 15.20407945356801, 15.512714795396375, 15.790228413766751, 16.037962325659326, 16.257423360229204, 16.450190150885046, 16.617837043081078, 16.761874114017978, 16.883701552410173, 16.984576176260177, 17.065587749177805, 17.127642875153235, 17.171454513611263, 17.197535492325446, 17.20619476046117, 17.197535492325446, 17.17145451361126, 17.12764287515324, 17.065587749177805, 16.984576176260177, 16.883701552410173, 16.761874114017978, 16.617837043081078, 16.45019015088505, 16.257423360229204, 16.037962325659326, 15.790228413766751, 15.512714795396375, 15.20407945356801, 14.86325437692109, 14.489568038362975, 14.08287551427319, 13.643687512374747, 13.173286586965864, 12.673816572661176, 12.14833052725557, 11.600783954028621, 11.035964191498474, 10.459353489577076, 9.876931622259754}","{1.3071193085993167*^-12, 1.3003823788399117*^-12, 1.2893968033956135*^-12, 1.2745092194496633*^-12, 1.256172446992966*^-12, 1.2349178299585581*^-12, 1.2113255028803282*^-12, 1.185995379658811*^-12, 1.1595212762020084*^-12, 1.1324696732588362*^-12, 1.1053639233871784*^-12, 1.0786739050592116*^-12, 1.0528107028981792*^-12, 1.0281254252987893*^-12, 1.004911277622261*^-12, 9.834078973202975*^-13, 9.638070157584185*^-13, 9.462588838391452*^-13, 9.308787547413975*^-13, 9.17753089652834*^-13, 9.069451863371256*^-13, 8.98500065272742*^-13, 8.924485423668594*^-13, 8.888103769814435*^-13, 8.875964268462218*^-13, 8.88810378462168*^-13, 8.924485397842354*^-13, 8.985000677279164*^-13, 9.069451890493573*^-13, 9.177530928417866*^-13, 9.30878757757319*^-13, 9.462588892640004*^-13, 9.638070138899486*^-13, 9.834079010107611*^-13, 1.0049112832556716*^-12, 1.0281254186328566*^-12, 1.0528107003775343*^-12, 1.0786739036591915*^-12, 1.1053639243640184*^-12, 1.132469673973358*^-12, 1.159521276663422*^-12, 1.185995379031038*^-12, 1.211325504648358*^-12, 1.2349178286769169*^-12, 1.2561724451969847*^-12, 1.2745092212324637*^-12, 1.289396803509527*^-12, 1.3003823751743216*^-12, 1.3071193109645846*^-12, 1.3093897324165102*^-12, 1.307119306800381*^-12, 1.3003823772014692*^-12, 1.289396804712993*^-12, 1.2745092221461864*^-12, 1.2561724462432798*^-12, 1.2349178335985719*^-12, 1.211325504545195*^-12, 1.1859953808007549*^-12, 1.1595212773320712*^-12, 1.1324696729274494*^-12, 1.1053639219431144*^-12, 1.0786739067797736*^-12, 1.0528107013795913*^-12, 1.0281254273697858*^-12, 1.0049112821536136*^-12, 9.8340790675992*^-13, 9.638070103466413*^-13, 9.462588833603066*^-13, 9.308787602339376*^-13, 9.177530997614894*^-13, 9.069451849075194*^-13, 8.985000672294574*^-13, 8.924485411136549*^-13, 8.888103769428422*^-13, 8.87596426684462*^-13, 8.888103743105473*^-13, 8.924485350174567*^-13, 8.985000633770055*^-13, 9.069451877846812*^-13, 9.177530920149202*^-13, 9.308787560511782*^-13, 9.462588862143014*^-13, 9.638070130545895*^-13, 9.834079022256932*^-13, 1.0049112844391094*^-12, 1.0281254258936743*^-12, 1.0528107021980437*^-12, 1.0786739035337565*^-12, 1.1053639224709311*^-12, 1.1324696686492345*^-12, 1.1595212732470587*^-12, 1.1859953794887388*^-12, 1.2113255012451355*^-12, 1.2349178325119243*^-12, 1.2561724444816872*^-12, 1.2745092198781049*^-12, 1.2893968057100297*^-12, 1.300382376595261*^-12, 1.307119310578294*^-12, 1.3093897326891329*^-12}","{1.3071193085993597*^-12, 1.3003823788398915*^-12, 1.2893968033958776*^-12, 1.2745092194498555*^-12, 1.256172446992761*^-12, 1.2349178299581912*^-12, 1.2113255028800523*^-12, 1.1859953796586632*^-12, 1.159521276202004*^-12, 1.1324696732585604*^-12, 1.1053639233873156*^-12, 1.0786739050593078*^-12, 1.0528107028981368*^-12, 1.0281254252989347*^-12, 1.0049112776221144*^-12, 9.83407897320144*^-13, 9.638070157585696*^-13, 9.462588838387958*^-13, 9.308787547415268*^-13, 9.17753089652948*^-13, 9.069451863373114*^-13, 8.98500065272676*^-13, 8.924485423667979*^-13, 8.888103769815927*^-13, 8.875964268462824*^-13, 8.888103784623213*^-13, 8.924485397842018*^-13, 8.985000677278941*^-13, 9.069451890496995*^-13, 9.177530928417833*^-13, 9.308787577574951*^-13, 9.462588892637112*^-13, 9.638070138898373*^-13, 9.83407901010911*^-13, 1.0049112832558138*^-12, 1.02812541863283*^-12, 1.0528107003773586*^-12, 1.0786739036592785*^-12, 1.1053639243638524*^-12, 1.1324696739730552*^-12, 1.1595212766635899*^-12, 1.1859953790309228*^-12, 1.2113255046481202*^-12, 1.2349178286762856*^-12, 1.2561724451972178*^-12, 1.2745092212321888*^-12, 1.2893968035093716*^-12, 1.3003823751741889*^-12, 1.307119310964503*^-12, 1.309389732416392*^-12, 1.3071193068002851*^-12, 1.3003823772013531*^-12, 1.2893968047130787*^-12, 1.2745092221462167*^-12, 1.2561724462432046*^-12, 1.2349178335983596*^-12, 1.2113255045452097*^-12, 1.1859953808007706*^-12, 1.1595212773319328*^-12, 1.1324696729272059*^-12, 1.1053639219433125*^-12, 1.0786739067801031*^-12, 1.0528107013795384*^-12, 1.0281254273696622*^-12, 1.004911282153709*^-12, 9.834079067597593*^-13, 9.638070103463864*^-13, 9.462588833602856*^-13, 9.308787602337495*^-13, 9.177530997613341*^-13, 9.06945184907654*^-13, 8.985000672294687*^-13, 8.924485411135529*^-13, 8.888103769427469*^-13, 8.875964266844587*^-13, 8.888103743106508*^-13, 8.924485350175613*^-13, 8.985000633769681*^-13, 9.06945187784416*^-13, 9.17753092014623*^-13, 9.30878756051263*^-13, 9.462588862141718*^-13, 9.638070130542987*^-13, 9.834079022255692*^-13, 1.004911284439105*^-12, 1.0281254258932805*^-12, 1.0528107021979714*^-12, 1.0786739035332365*^-12, 1.1053639224707358*^-12, 1.1324696686491148*^-12, 1.15952127324709*^-12, 1.1859953794888242*^-12, 1.2113255012455362*^-12, 1.2349178325116872*^-12, 1.2561724444816286*^-12, 1.2745092198776006*^-12, 1.2893968057097979*^-12, 1.300382376595248*^-12, 1.3071193105783892*^-12, 1.3093897326888782*^-12}"
1.103,"{10.440572081734095, 10.997165386209211, 11.542862775775918, 12.072570656768388, 12.581808171851357, 13.06683169053673, 13.524702631501668, 13.953300020314222, 14.351284812937728, 14.718026682332765, 15.053505506469945, 15.358199482852848, 15.632970158260484, 15.878952305859698, 16.097454037926553, 16.28987019748562, 16.45761014943268, 16.6020396742607, 16.724435739325187, 16.82595241079296, 16.90759597869766, 16.970207403411656, 17.01445037370903, 17.04080353279297, 17.049555736647385, 17.04080353279297, 17.014450373709025, 16.970207403411656, 16.907595978697657, 16.82595241079296, 16.724435739325184, 16.602039674260695, 16.45761014943268, 16.28987019748562, 16.097454037926553, 15.878952305859698, 15.632970158260482, 15.358199482852847, 15.053505506469945, 14.718026682332765, 14.35128481293773, 13.95330002031422, 13.524702631501672, 13.066831690536729, 12.581808171851355, 12.072570656768386, 11.542862775775916, 10.997165386209206, 10.440572081734095, 9.878613519812589, 9.317043042059689, 8.761601761332138, 8.217784453869573, 7.690627496291641, 7.184536744676636, 6.703167427513099, 6.249361079639101, 5.825137670723139, 5.431735529727331, 5.069688109856511, 4.738925217852621, 4.438886754527257, 4.168638735739993, 3.9269837762731252, 3.7125607915476118, 3.523931022729584, 3.3596494031397093, 3.218321681604274, 3.0986486230464094, 2.999459095034074, 2.9197340189277017, 2.8586231113537828, 2.815456146894382, 2.789750197503487, 2.781213990211433, 2.7897501975034866, 2.8154561468943813, 2.8586231113537828, 2.919734018927702, 2.999459095034075, 3.0986486230464103, 3.218321681604275, 3.35964940313971, 3.523931022729584, 3.7125607915476118, 3.9269837762731243, 4.168638735739993, 4.438886754527257, 4.738925217852621, 5.06968810985651, 5.431735529727333, 5.825137670723142, 6.249361079639104, 6.703167427513105, 7.184536744676639, 7.690627496291644, 8.217784453869573, 8.761601761332138, 9.317043042059689, 9.878613519812587}","{9.31704304205968, 8.76160176133213, 8.217784453869566, 7.69062749629163, 7.184536744676629, 6.703167427513091, 6.2493610796390975, 5.825137670723134, 5.431735529727326, 5.069688109856504, 4.738925217852615, 4.43888675452725, 4.168638735739988, 3.92698377627312, 3.712560791547606, 3.523931022729578, 3.3596494031397044, 3.2183216816042686, 3.0986486230464054, 2.9994590950340703, 2.9197340189276972, 2.858623111353779, 2.815456146894377, 2.7897501975034826, 2.7812139902114286, 2.7897501975034826, 2.8154561468943777, 2.8586231113537783, 2.9197340189276977, 2.9994590950340703, 3.0986486230464063, 3.21832168160427, 3.359649403139705, 3.523931022729579, 3.712560791547607, 3.9269837762731212, 4.168638735739988, 4.438886754527251, 4.738925217852615, 5.069688109856504, 5.431735529727325, 5.825137670723135, 6.249361079639094, 6.703167427513094, 7.184536744676631, 7.690627496291633, 8.217784453869568, 8.761601761332136, 9.31704304205968, 9.87861351981258, 10.440572081734086, 10.997165386209204, 11.54286277577591, 12.072570656768379, 12.58180817185135, 13.066831690536723, 13.524702631501665, 13.953300020314217, 14.351284812937722, 14.718026682332756, 15.053505506469937, 15.358199482852841, 15.632970158260477, 15.878952305859693, 16.097454037926546, 16.289870197485612, 16.45761014943267, 16.602039674260695, 16.72443573932518, 16.825952410792958, 16.907595978697653, 16.970207403411653, 17.01445037370902, 17.040803532792967, 17.04955573664738, 17.040803532792967, 17.01445037370902, 16.970207403411653, 16.907595978697653, 16.825952410792954, 16.72443573932518, 16.60203967426069, 16.45761014943267, 16.289870197485612, 16.09745403792655, 15.878952305859695, 15.632970158260479, 15.358199482852841, 15.05350550646994, 14.71802668233276, 14.35128481293772, 13.953300020314215, 13.524702631501661, 13.06683169053672, 12.581808171851346, 12.072570656768374, 11.54286277577591, 10.997165386209204, 10.440572081734086, 9.87861351981258}","{-2.7787906345376632*^-11, -2.7647560605667735*^-11, -2.741857595651015*^-11, -2.7107999673536324*^-11, -2.672506017517523*^-11, -2.628061999970088*^-11, -2.5786584440022463*^-11, -2.5255320074260357*^-11, -2.4699130592429835*^-11, -2.4129820210657697*^-11, -2.3558363453200715*^-11, -2.2994681452896324*^-11, -2.244751920232593*^-11, -2.192440742051239*^-11, -2.1431691400011746*^-11, -2.097460791926671*^-11, -2.0557393662222567*^-11, -2.0183408841314264*^-11, -1.98552659719466*^-11, -1.9574953884240487*^-11, -1.9343953341662928*^-11, -1.916333550011612*^-11, -1.903384624109533*^-11, -1.895597044406999*^-11, -1.892999007827384*^-11, -1.8955970444195722*^-11, -1.9033846112286765*^-11, -1.9163335500483388*^-11, -1.9343953271989505*^-11, -1.9574953882160955*^-11, -1.985526597552333*^-11, -2.01834088275384*^-11, -2.0557393678904318*^-11, -2.097460783322421*^-11, -2.143169123353255*^-11, -2.192440734412226*^-11, -2.2447519250424827*^-11, -2.299468145634484*^-11, -2.35583634555375*^-11, -2.4129820213096225*^-11, -2.469913062382134*^-11, -2.525532016592024*^-11, -2.5786584472209715*^-11, -2.6280620013561944*^-11, -2.6725060173512597*^-11, -2.710799967596327*^-11, -2.7418575969339723*^-11, -2.7647560482185386*^-11, -2.7787906343225963*^-11, -2.783519078272385*^-11, -2.778790629616683*^-11, -2.764756054180443*^-11, -2.741857593980193*^-11, -2.7107999714188115*^-11, -2.6725060162786546*^-11, -2.6280620053846467*^-11, -2.5786584424918973*^-11, -2.5255320166652296*^-11, -2.4699130577604277*^-11, -2.412982029474557*^-11, -2.3558363453071675*^-11, -2.2994681477541343*^-11, -2.2447519187854404*^-11, -2.1924407372646758*^-11, -2.1431691405636575*^-11, -2.097460781231722*^-11, -2.055739353675002*^-11, -2.0183408618069798*^-11, -1.9855265965966084*^-11, -1.957495389674994*^-11, -1.934395322816713*^-11, -1.916333555054436*^-11, -1.9033846069762237*^-11, -1.8955970528803064*^-11, -1.892999020237823*^-11, -1.895597053431374*^-11, -1.903384626255074*^-11, -1.916333554929697*^-11, -1.934395323377707*^-11, -1.9574954013338565*^-11, -1.9855265611647405*^-11, -2.0183408667491358*^-11, -2.0557393682913663*^-11, -2.0974607810946582*^-11, -2.143169119625731*^-11, -2.1924407369615968*^-11, -2.244751918888838*^-11, -2.2994681477749792*^-11, -2.3558363454578798*^-11, -2.4129820245093226*^-11, -2.46991305254919*^-11, -2.5255320060346352*^-11, -2.578658457174684*^-11, -2.628061999165572*^-11, -2.672506015808485*^-11, -2.7107999760746803*^-11, -2.741857596325002*^-11, -2.7647560489826053*^-11, -2.778790629612878*^-11, -2.78351907957172*^-11}","{-2.778790634536257*^-11, -2.7647560605682624*^-11, -2.741857595653662*^-11, -2.7107999673530533*^-11, -2.6725060175149587*^-11, -2.6280619999713286*^-11, -2.5786584440010056*^-11, -2.5255320074252913*^-11, -2.4699130592452996*^-11, -2.4129820210692438*^-11, -2.3558363453224703*^-11, -2.2994681452922793*^-11, -2.244751920235736*^-11, -2.1924407420545478*^-11, -2.143169140006386*^-11, -2.0974607919241895*^-11, -2.0557393662179554*^-11, -2.0183408841317573*^-11, -1.985526597196728*^-11, -1.9574953884227252*^-11, -1.9343953341678644*^-11, -1.9163335500111157*^-11, -1.9033846241075477*^-11, -1.8955970444065855*^-11, -1.8929990078281284*^-11, -1.8955970444207303*^-11, -1.90338461122818*^-11, -1.9163335500454437*^-11, -1.9343953271983715*^-11, -1.9574953882142757*^-11, -1.9855265975527465*^-11, -2.0183408827556596*^-11, -2.0557393678890256*^-11, -2.097460783323331*^-11, -2.1431691233513524*^-11, -2.1924407344136323*^-11, -2.2447519250454605*^-11, -2.2994681456267912*^-11, -2.355836345556149*^-11, -2.4129820213087953*^-11, -2.4699130623834574*^-11, -2.5255320165913624*^-11, -2.578658447225273*^-11, -2.628062001352472*^-11, -2.6725060173501844*^-11, -2.7107999676009594*^-11, -2.7418575969351303*^-11, -2.764756048218125*^-11, -2.778790634325326*^-11, -2.783519078271723*^-11, -2.7787906296123817*^-11, -2.764756054178623*^-11, -2.741857593976388*^-11, -2.7107999714183152*^-11, -2.672506016280888*^-11, -2.6280620053879554*^-11, -2.578658442494875*^-11, -2.5255320166660568*^-11, -2.469913057759766*^-11, -2.4129820294732334*^-11, -2.35583634530816*^-11, -2.2994681477561195*^-11, -2.244751918787922*^-11, -2.192440737264014*^-11, -2.1431691405639056*^-11, -2.0974607812306467*^-11, -2.0557393536740922*^-11, -2.0183408618100403*^-11, -1.9855265965956985*^-11, -1.9574953896757384*^-11, -1.9343953228168785*^-11, -1.9163335550554285*^-11, -1.9033846069753965*^-11, -1.8955970528812163*^-11, -1.892999020236582*^-11, -1.8955970534310433*^-11, -1.9033846262566457*^-11, -1.916333554932013*^-11, -1.9343953233757217*^-11, -1.9574954013345183*^-11, -1.9855265611623416*^-11, -2.0183408667462406*^-11, -2.0557393682933515*^-11, -2.097460781091763*^-11, -2.1431691196279643*^-11, -2.1924407369616795*^-11, -2.244751918891485*^-11, -2.2994681477769645*^-11, -2.3558363454600305*^-11, -2.4129820245082472*^-11, -2.4699130525467083*^-11, -2.5255320060376958*^-11, -2.5786584571718716*^-11, -2.628061999163173*^-11, -2.6725060158051764*^-11, -2.710799976080305*^-11, -2.7418575963259118*^-11, -2.7647560489799584*^-11, -2.77879062961081*^-11, -2.7835190795756906*^-11}"
1.1420000000000001,"{10.422995464600746, 10.96090226939228, 11.488701931140769, 12.001646351437643, 12.4955306177085, 12.966806407829134, 13.412646662899563, 13.83096217228693, 14.220375509517009, 14.580161012626663, 14.910161034871049, 15.210688672245277, 15.482425998850154, 15.726324985713822, 15.94351618334134, 16.13522824858206, 16.30271970145021, 16.447223001281202, 16.569900141661922, 16.67180843388714, 16.75387490795796, 16.816877732338686, 16.861433170583393, 16.88798679996683, 16.896807974865126, 16.88798679996683, 16.861433170583393, 16.816877732338686, 16.75387490795796, 16.67180843388714, 16.569900141661922, 16.4472230012812, 16.302719701450208, 16.135228248582056, 15.943516183341337, 15.72632498571382, 15.482425998850152, 15.210688672245277, 14.910161034871049, 14.580161012626663, 14.220375509517009, 13.830962172286926, 13.412646662899565, 12.966806407829132, 12.4955306177085, 12.00164635143764, 11.488701931140769, 10.960902269392276, 10.422995464600747, 9.880115758797396, 9.337593688980295, 8.800748897985725, 8.274683630721194, 7.764094861291606, 7.273120290871927, 6.805228716014764, 6.363159480657028, 5.9489099951711015, 5.563765567869941, 5.208362626459277, 4.882774972704903, 4.586612825007259, 4.319125653406078, 4.079301718440546, 3.865959349150463, 3.677827004225691, 3.5136108499954974, 3.372049871000045, 3.251959400344589, 3.152264467444634, 3.072024583719893, 3.010451599542919, 2.9669221369935976, 2.940985887208127, 2.9323707974923225, 2.940985887208127, 2.966922136993597, 3.010451599542919, 3.072024583719894, 3.152264467444635, 3.2519594003445897, 3.3720498710000464, 3.5136108499954983, 3.6778270042256933, 3.865959349150463, 4.079301718440546, 4.319125653406077, 4.586612825007259, 4.882774972704904, 5.2083626264592775, 5.563765567869943, 5.948909995171103, 6.363159480657032, 6.805228716014768, 7.27312029087193, 7.764094861291611, 8.274683630721196, 8.800748897985722, 9.337593688980295, 9.880115758797395}","{9.337593688980293, 8.800748897985722, 8.274683630721194, 7.7640948612916025, 7.273120290871925, 6.805228716014763, 6.3631594806570275, 5.948909995171101, 5.563765567869941, 5.208362626459275, 4.882774972704902, 4.586612825007257, 4.319125653406076, 4.0793017184405445, 3.8659593491504616, 3.6778270042256906, 3.5136108499954957, 3.3720498710000437, 3.251959400344589, 3.152264467444633, 3.0720245837198927, 3.0104515995429177, 2.966922136993596, 2.9409858872081256, 2.932370797492321, 2.9409858872081256, 2.9669221369935963, 3.0104515995429177, 3.072024583719893, 3.152264467444633, 3.251959400344588, 3.372049871000045, 3.5136108499954966, 3.677827004225692, 3.865959349150463, 4.079301718440545, 4.319125653406077, 4.586612825007257, 4.882774972704901, 5.208362626459275, 5.5637655678699405, 5.948909995171103, 6.363159480657027, 6.805228716014765, 7.273120290871926, 7.764094861291605, 8.274683630721194, 8.800748897985725, 9.337593688980293, 9.880115758797393, 10.422995464600746, 10.960902269392276, 11.488701931140769, 12.001646351437639, 12.4955306177085, 12.966806407829134, 13.412646662899563, 13.830962172286927, 14.220375509517007, 14.580161012626661, 14.910161034871047, 15.210688672245276, 15.48242599885015, 15.72632498571382, 15.943516183341337, 16.13522824858206, 16.302719701450208, 16.4472230012812, 16.569900141661922, 16.671808433887136, 16.75387490795796, 16.816877732338686, 16.861433170583393, 16.88798679996683, 16.896807974865126, 16.88798679996683, 16.861433170583393, 16.816877732338686, 16.75387490795796, 16.671808433887136, 16.56990014166192, 16.4472230012812, 16.302719701450208, 16.135228248582056, 15.943516183341337, 15.72632498571382, 15.482425998850152, 15.210688672245277, 14.910161034871047, 14.580161012626661, 14.220375509517007, 13.830962172286926, 13.41264666289956, 12.96680640782913, 12.495530617708496, 12.001646351437635, 11.488701931140767, 10.960902269392278, 10.422995464600744, 9.880115758797395}","{-1.9710713003763062*^-16, -1.9623233487315897*^-16, -1.9480369336219653*^-16, -1.9286332106796397*^-16, -1.904665854220573*^-16, -1.8767899717038809*^-16, -1.8457281278805537*^-16, -1.8122365225252097*^-16, -1.7770739632337526*^-16, -1.740975489335105*^-16, -1.7046317304159145*^-16, -1.6686743298118115*^-16, -1.6336671265835676*^-16, -1.6001023979050617*^-16, -1.5684011739900374*^-16, -1.538916643380266*^-16, -1.511939632339034*^-16, -1.4877053047878207*^-16, -1.4664003719833293*^-16, -1.4481702532298845*^-16, -1.4331257618817316*^-16, -1.421349086439306*^-16, -1.4128987957807286*^-16, -1.4078138527306552*^-16, -1.4061164691937538*^-16, -1.407813852840858*^-16, -1.412898796207663*^-16, -1.4213490853026142*^-16, -1.4331257624953116*^-16, -1.4481702529726547*^-16, -1.4664003707444075*^-16, -1.48770530265179*^-16, -1.5119396299109113*^-16, -1.538916644949544*^-16, -1.568401174812487*^-16, -1.6001023980657556*^-16, -1.6336671274708522*^-16, -1.6686743291963185*^-16, -1.7046317294573578*^-16, -1.7409754885422677*^-16, -1.7770739643786235*^-16, -1.8122365215677288*^-16, -1.845728127312207*^-16, -1.876789972260152*^-16, -1.9046658537725147*^-16, -1.9286332108852987*^-16, -1.9480369337440474*^-16, -1.9623233492252775*^-16, -1.97107130021889*^-16, -1.9740171997659203*^-16, -1.9710713014639088*^-16, -1.9623233503954166*^-16, -1.9480369340190424*^-16, -1.928633211047308*^-16, -1.9046658529904656*^-16, -1.8767899726546486*^-16, -1.845728128165713*^-16, -1.8122365227616855*^-16, -1.7770739636456002*^-16, -1.7409754894026877*^-16, -1.7046317302124954*^-16, -1.668674330161792*^-16, -1.6336671257868121*^-16, -1.6001023983901017*^-16, -1.5684011749860818*^-16, -1.5389166420848228*^-16, -1.5119396329604474*^-16, -1.4877053009811665*^-16, -1.4664003732604478*^-16, -1.4481702518542294*^-16, -1.4331257635088612*^-16, -1.4213490851804862*^-16, -1.412898799956484*^-16, -1.4078138523106578*^-16, -1.4061164670348708*^-16, -1.4078138511109828*^-16, -1.4128987996758062*^-16, -1.4213490852100951*^-16, -1.4331257653423042*^-16, -1.448170252867106*^-16, -1.4664003707204197*^-16, -1.4877053071499178*^-16, -1.511939633058285*^-16, -1.5389166445325822*^-16, -1.5684011766245464*^-16, -1.6001023971403735*^-16, -1.6336671277561925*^-16, -1.6686743284187526*^-16, -1.7046317311106283*^-16, -1.7409754877712528*^-16, -1.7770739637898858*^-16, -1.8122365226638875*^-16, -1.8457281279931478*^-16, -1.876789972519992*^-16, -1.9046658543735034*^-16, -1.9286332095183615*^-16, -1.948036932929153*^-16, -1.962323349857087*^-16, -1.9710713004435773*^-16, -1.974017198374552*^-16}","{-1.9710713003760992*^-16, -1.9623233487314841*^-16, -1.9480369336215422*^-16, -1.9286332106792127*^-16, -1.9046658542201982*^-16, -1.876789971703726*^-16, -1.8457281278802302*^-16, -1.8122365225247788*^-16, -1.7770739632337507*^-16, -1.740975489334576*^-16, -1.7046317304151577*^-16, -1.6686743298115004*^-16, -1.6336671265830888*^-16, -1.6001023979047393*^-16, -1.5684011739896657*^-16, -1.5389166433802083*^-16, -1.5119396323386653*^-16, -1.4877053047876033*^-16, -1.466400371983169*^-16, -1.448170253229456*^-16, -1.4331257618812183*^-16, -1.421349086439175*^-16, -1.4128987957805679*^-16, -1.4078138527306823*^-16, -1.4061164691935354*^-16, -1.4078138528408872*^-16, -1.4128987962073416*^-16, -1.4213490853025072*^-16, -1.4331257624947687*^-16, -1.448170252972383*^-16, -1.466400370744406*^-16, -1.487705302651514*^-16, -1.5119396299103246*^-16, -1.5389166449491674*^-16, -1.5684011748125388*^-16, -1.6001023980658123*^-16, -1.6336671274705825*^-16, -1.6686743291961134*^-16, -1.7046317294566636*^-16, -1.7409754885420577*^-16, -1.777073964377877*^-16, -1.812236521567353*^-16, -1.8457281273117258*^-16, -1.8767899722602102*^-16, -1.9046658537721913*^-16, -1.9286332108851469*^-16, -1.9480369337438364*^-16, -1.9623233492249521*^-16, -1.9710713002185173*^-16, -1.9740171997652863*^-16, -1.971071301463751*^-16, -1.9623233503952086*^-16, -1.9480369340188392*^-16, -1.9286332110467213*^-16, -1.9046658529901392*^-16, -1.8767899726537325*^-16, -1.845728128165014*^-16, -1.8122365227610377*^-16, -1.7770739636460942*^-16, -1.740975489402696*^-16, -1.7046317302121172*^-16, -1.668674330161518*^-16, -1.6336671257864917*^-16, -1.6001023983894627*^-16, -1.5684011749855385*^-16, -1.5389166420848257*^-16, -1.5119396329598065*^-16, -1.487705300981064*^-16, -1.466400373260615*^-16, -1.4481702518536402*^-16, -1.4331257635084865*^-16, -1.421349085180327*^-16, -1.412898799956481*^-16, -1.4078138523100149*^-16, -1.4061164670346016*^-16, -1.4078138511101574*^-16, -1.4128987996754079*^-16, -1.4213490852100715*^-16, -1.433125765341932*^-16, -1.4481702528669976*^-16, -1.4664003707196747*^-16, -1.4877053071493794*^-16, -1.5119396330579097*^-16, -1.538916644532528*^-16, -1.5684011766241752*^-16, -1.6001023971397872*^-16, -1.633667127755703*^-16, -1.6686743284182162*^-16, -1.7046317311103113*^-16, -1.740975487771142*^-16, -1.7770739637896136*^-16, -1.8122365226634615*^-16, -1.8457281279928845*^-16, -1.8767899725196794*^-16, -1.904665854372963*^-16, -1.9286332095180943*^-16, -1.948036932928941*^-16, -1.962323349856813*^-16, -1.9710713004436917*^-16, -1.9740171983742287*^-16}"
1.1809999999999998,"{10.406513174886552, 10.92693709123359, 11.437952346660348, 11.935119206653981, 12.414481881274002, 12.872672048835199, 13.306970223139626, 13.715325075087728, 14.096334922369978, 14.449198486198124, 14.773643495608479, 15.069841899411019, 15.338319618258756, 15.579867311052753, 15.795456904271225, 15.986166929566808, 16.15311822613244, 16.297420387829266, 16.420128494402945, 16.522209135386657, 16.604514462409334, 16.66776293014141, 16.712525450808222, 16.739215844296325, 16.7480846791636, 16.739215844296325, 16.712525450808222, 16.66776293014141, 16.604514462409334, 16.522209135386657, 16.420128494402945, 16.297420387829266, 16.15311822613244, 15.986166929566807, 15.795456904271223, 15.579867311052752, 15.338319618258756, 15.069841899411019, 14.773643495608479, 14.449198486198124, 14.09633492236998, 13.71532507508773, 13.306970223139627, 12.872672048835195, 12.414481881274, 11.93511920665398, 11.437952346660346, 10.926937091233585, 10.406513174886552, 9.88146329754447, 9.35674413870777, 8.83730261710455, 8.327892738361548, 7.832908307127182, 7.356244569217153, 6.901197957588188, 6.470408324360283, 6.065843232512368, 5.68881982105765, 5.3400569417293084, 5.0197488640063455, 4.727651743120119, 4.463174937720929, 4.22547076858468, 4.013518063017519, 3.8261965439739365, 3.662350610200887, 3.5208422203131184, 3.40059341997527, 3.3006195662663997, 3.2200545610280793, 3.1581694672445555, 3.1143858070381687, 3.0882846745417423, 3.079612577696334, 3.0882846745417427, 3.1143858070381683, 3.1581694672445546, 3.2200545610280797, 3.3006195662664015, 3.400593419975271, 3.520842220313119, 3.662350610200887, 3.8261965439739374, 4.013518063017517, 4.225470768584679, 4.463174937720928, 4.727651743120118, 5.0197488640063455, 5.340056941729309, 5.68881982105765, 6.06584323251237, 6.470408324360288, 6.901197957588191, 7.3562445692171545, 7.832908307127188, 8.327892738361548, 8.837302617104548, 9.356744138707768, 9.88146329754447}","{9.356744138707763, 8.837302617104543, 8.327892738361545, 7.832908307127177, 7.356244569217148, 6.901197957588181, 6.4704083243602835, 6.065843232512367, 5.688819821057646, 5.340056941729305, 5.019748864006342, 4.727651743120114, 4.463174937720923, 4.225470768584675, 4.0135180630175125, 3.826196543973933, 3.662350610200883, 3.5208422203131144, 3.4005934199752677, 3.3006195662663975, 3.220054561028077, 3.158169467244553, 3.114385807038165, 3.0882846745417396, 3.079612577696331, 3.0882846745417396, 3.1143858070381656, 3.1581694672445524, 3.220054561028077, 3.3006195662663975, 3.4005934199752677, 3.5208422203131153, 3.6623506102008836, 3.8261965439739334, 4.013518063017515, 4.225470768584676, 4.4631749377209236, 4.727651743120115, 5.019748864006342, 5.340056941729306, 5.688819821057645, 6.065843232512367, 6.470408324360281, 6.9011979575881846, 7.356244569217149, 7.8329083071271794, 8.327892738361546, 8.837302617104548, 9.356744138707763, 9.881463297544466, 10.406513174886545, 10.926937091233583, 11.437952346660344, 11.935119206653976, 12.414481881273998, 12.872672048835192, 13.306970223139626, 13.715325075087728, 14.096334922369975, 14.44919848619812, 14.773643495608473, 15.069841899411013, 15.338319618258751, 15.579867311052748, 15.79545690427122, 15.986166929566803, 16.153118226132438, 16.297420387829263, 16.42012849440294, 16.522209135386657, 16.604514462409334, 16.667762930141407, 16.71252545080822, 16.73921584429632, 16.748084679163597, 16.73921584429632, 16.71252545080822, 16.667762930141407, 16.604514462409334, 16.522209135386653, 16.42012849440294, 16.297420387829263, 16.153118226132438, 15.986166929566801, 15.79545690427122, 15.57986731105275, 15.338319618258751, 15.069841899411015, 14.773643495608475, 14.44919848619812, 14.096334922369975, 13.715325075087724, 13.30697022313962, 12.872672048835188, 12.414481881273996, 11.93511920665397, 11.437952346660344, 10.926937091233583, 10.406513174886546, 9.881463297544466}","{2.445357347588393*^-18, 2.4352057750228026*^-18, 2.4186166469185697*^-18, 2.3960646104363192*^-18, 2.3681753384522766*^-18, 2.3356917378322408*^-18, 2.2994367428341806*^-18, 2.260275978109313*^-18, 2.219083089836261*^-18, 2.1767098433213957*^-18, 2.1339622556218356*^-18, 2.0915832424401254*^-18, 2.050241556273358*^-18, 2.010526378557246*^-18, 1.9729465420670456*^-18, 1.9379333718601317*^-18, 1.9058460247077585*^-18, 1.876978418211717*^-18, 1.8515668742008192*^-18, 1.829797900844209*^-18, 1.8118155783002773*^-18, 1.7977281923013126*^-18, 1.787613899166718*^-18, 1.781525235110919*^-18, 1.7794923986583986*^-18, 1.781525235975843*^-18, 1.7876139015561037*^-18, 1.7977281942915717*^-18, 1.8118155780389055*^-18, 1.8297979011049768*^-18, 1.8515668757222977*^-18, 1.8769784171446963*^-18, 1.905846026550365*^-18, 1.9379333701078005*^-18, 1.9729465431657316*^-18, 2.0105263797969163*^-18, 2.0502415574754833*^-18, 2.091583243069587*^-18, 2.1339622573976355*^-18, 2.176709843866326*^-18, 2.2190830904404297*^-18, 2.2602759768305447*^-18, 2.2994367415983806*^-18, 2.335691737855512*^-18, 2.368175338471998*^-18, 2.3960646086591635*^-18, 2.4186166478340675*^-18, 2.4352057738994153*^-18, 2.445357349932444*^-18, 2.448774829074864*^-18, 2.4453573475692386*^-18, 2.4352057738349506*^-18, 2.4186166480270426*^-18, 2.3960646104623517*^-18, 2.3681753389813804*^-18, 2.3356917378493245*^-18, 2.299436743051783*^-18, 2.260275976478269*^-18, 2.219083090451942*^-18, 2.176709844019365*^-18, 2.1339622574219423*^-18, 2.0915832417773097*^-18, 2.050241555164121*^-18, 2.0105263786842033*^-18, 1.972946544333665*^-18, 1.937933372291885*^-18, 1.9058460253017215*^-18, 1.8769784188212723*^-18, 1.851566873807338*^-18, 1.8297979006670973*^-18, 1.8118155776740204*^-18, 1.797728195289456*^-18, 1.7876139021455554*^-18, 1.7815252354100943*^-18, 1.779492400876355*^-18, 1.781525235296412*^-18, 1.7876138999335894*^-18, 1.797728199756085*^-18, 1.8118155801980548*^-18, 1.82979790521048*^-18, 1.8515668785045978*^-18, 1.8769784188330312*^-18, 1.905846025305789*^-18, 1.9379333687872967*^-18, 1.972946539797542*^-18, 2.0105263786996847*^-18, 2.050241558700313*^-18, 2.091583241789907*^-18, 2.13396225852016*^-18, 2.1767098440267607*^-18, 2.2190830905240243*^-18, 2.260275977425469*^-18, 2.2994367416566084*^-18, 2.3356917390320243*^-18, 2.368175338962793*^-18, 2.396064609251524*^-18, 2.4186166456073596*^-18, 2.43520577387501*^-18, 2.445357348760961*^-18, 2.4487748290150585*^-18}","{2.4453573475880233*^-18, 2.4352057750226547*^-18, 2.4186166469183725*^-18, 2.396064610436196*^-18, 2.3681753384516357*^-18, 2.3356917378318957*^-18, 2.2994367428337615*^-18, 2.260275978109017*^-18, 2.2190830898361376*^-18, 2.1767098433210753*^-18, 2.133962255621663*^-18, 2.091583242439879*^-18, 2.0502415562732592*^-18, 2.010526378557172*^-18, 1.972946542066651*^-18, 1.9379333718598606*^-18, 1.9058460247077585*^-18, 1.8769784182112856*^-18, 1.8515668742005604*^-18, 1.8297979008440857*^-18, 1.811815578300031*^-18, 1.7977281923010045*^-18, 1.7876138991662866*^-18, 1.781525235110549*^-18, 1.7794923986581397*^-18, 1.781525235975387*^-18, 1.78761390155566*^-18, 1.797728194291399*^-18, 1.8118155780386837*^-18, 1.8297979011047672*^-18, 1.8515668757222607*^-18, 1.876978417144499*^-18, 1.9058460265502664*^-18, 1.937933370107332*^-18, 1.9729465431651646*^-18, 2.0105263797965465*^-18, 2.0502415574753847*^-18, 2.091583243069809*^-18, 2.1339622573975615*^-18, 2.1767098438658577*^-18, 2.219083090440331*^-18, 2.260275976830298*^-18, 2.299436741598085*^-18, 2.3356917378548466*^-18, 2.3681753384717023*^-18, 2.3960646086589417*^-18, 2.4186166478337963*^-18, 2.4352057738992428*^-18, 2.445357349932222*^-18, 2.4487748290746915*^-18, 2.4453573475688934*^-18, 2.435205773834581*^-18, 2.4186166480269933*^-18, 2.3960646104622037*^-18, 2.3681753389809367*^-18, 2.3356917378489794*^-18, 2.299436743051561*^-18, 2.2602759764779485*^-18, 2.219083090451671*^-18, 2.176709844019439*^-18, 2.1339622574212027*^-18, 2.091583241777063*^-18, 2.0502415551638743*^-18, 2.0105263786839568*^-18, 1.972946544333369*^-18, 1.9379333722918112*^-18, 1.905846025301475*^-18, 1.8769784188208162*^-18, 1.8515668738071037*^-18, 1.8297979006670603*^-18, 1.8118155776738848*^-18, 1.7977281952890493*^-18, 1.7876139021454445*^-18, 1.7815252354097985*^-18, 1.779492400875973*^-18, 1.7815252352961902*^-18, 1.78761389993354*^-18, 1.7977281997559742*^-18, 1.8118155801982027*^-18, 1.8297979052103075*^-18, 1.851566878504302*^-18, 1.876978418832723*^-18, 1.905846025305641*^-18, 1.93793336878705*^-18, 1.972946539797049*^-18, 2.010526378699315*^-18, 2.0502415586999186*^-18, 2.0915832417895863*^-18, 2.1339622585194943*^-18, 2.1767098440261937*^-18, 2.219083090524049*^-18, 2.26027597742505*^-18, 2.2994367416562387*^-18, 2.3356917390314326*^-18, 2.3681753389623984*^-18, 2.396064609251105*^-18, 2.4186166456068913*^-18, 2.4352057738744923*^-18, 2.4453573487606404*^-18, 2.4487748290146394*^-18}"
1.22,"{10.39102756651014, 10.895060502069025, 11.390306104465582, 11.872600918599709, 12.338214671870524, 12.783944986752582, 13.207175420635565, 13.605896572278397, 13.978693520575176, 14.324705418300562, 14.64356447058105, 14.935321839047765, 15.200367447472615, 15.439349521547193, 15.653098274354399, 15.842556699225605, 16.008720127083564, 16.15258514344084, 16.27510767469918, 16.377169533316202, 16.45955241991849, 16.522918270064658, 16.5677948565543, 16.594565673455666, 16.6034633026104, 16.594565673455666, 16.5677948565543, 16.522918270064658, 16.45955241991849, 16.377169533316202, 16.27510767469918, 16.15258514344084, 16.008720127083564, 15.842556699225602, 15.653098274354397, 15.439349521547193, 15.200367447472614, 14.935321839047763, 14.64356447058105, 14.324705418300558, 13.978693520575177, 13.605896572278395, 13.207175420635568, 12.78394498675258, 12.338214671870524, 11.872600918599703, 11.39030610446558, 10.895060502069022, 10.391027566510141, 9.882676871639985, 9.374632976078741, 8.871511647196018, 8.377756593221125, 7.897489798760867, 7.434386736586426, 6.991584506584223, 6.5716269547248185, 6.176446763710684, 5.807381013555644, 5.465214209168638, 5.1502414311960205, 4.862344020471317, 4.601070827447139, 4.36571924283643, 4.155411673108442, 3.9691645866207903, 3.805948561895637, 3.6647388248839543, 3.5445565364982294, 3.444501598839057, 3.3637780271605218, 3.30171303339387, 3.2577709341329824, 3.2315628730303807, 3.22285316720578, 3.2315628730303816, 3.2577709341329824, 3.30171303339387, 3.363778027160523, 3.4445015988390577, 3.5445565364982308, 3.664738824883954, 3.805948561895638, 3.969164586620791, 4.155411673108442, 4.3657192428364295, 4.601070827447138, 4.8623440204713155, 5.15024143119602, 5.465214209168637, 5.807381013555645, 6.176446763710686, 6.571626954724823, 6.991584506584228, 7.434386736586428, 7.897489798760871, 8.377756593221125, 8.871511647196018, 9.374632976078743, 9.882676871639983}","{9.374632976078743, 8.871511647196018, 8.377756593221129, 7.897489798760865, 7.4343867365864265, 6.991584506584224, 6.571626954724823, 6.176446763710686, 5.807381013555646, 5.4652142091686375, 5.150241431196021, 4.862344020471317, 4.601070827447138, 4.3657192428364295, 4.155411673108442, 3.9691645866207907, 3.8059485618956383, 3.664738824883954, 3.5445565364982308, 3.4445015988390577, 3.363778027160522, 3.3017130333938693, 3.257770934132982, 3.231562873030382, 3.22285316720578, 3.2315628730303816, 3.2577709341329824, 3.3017130333938693, 3.3637780271605235, 3.4445015988390577, 3.5445565364982303, 3.6647388248839547, 3.8059485618956383, 3.9691645866207934, 4.155411673108443, 4.36571924283643, 4.601070827447139, 4.862344020471317, 5.1502414311960205, 5.465214209168639, 5.807381013555645, 6.176446763710688, 6.57162695472482, 6.991584506584226, 7.4343867365864265, 7.897489798760868, 8.377756593221129, 8.871511647196021, 9.37463297607874, 9.882676871639985, 10.391027566510141, 10.895060502069025, 11.390306104465584, 11.872600918599707, 12.338214671870524, 12.783944986752584, 13.207175420635568, 13.605896572278398, 13.97869352057518, 14.32470541830056, 14.643564470581051, 14.935321839047765, 15.200367447472614, 15.439349521547193, 15.653098274354397, 15.842556699225605, 16.008720127083567, 16.15258514344084, 16.27510767469918, 16.377169533316202, 16.459552419918495, 16.522918270064658, 16.5677948565543, 16.594565673455666, 16.6034633026104, 16.594565673455666, 16.5677948565543, 16.522918270064658, 16.45955241991849, 16.377169533316202, 16.27510767469918, 16.15258514344084, 16.008720127083564, 15.842556699225605, 15.653098274354399, 15.439349521547195, 15.200367447472614, 14.935321839047765, 14.643564470581051, 14.324705418300562, 13.978693520575176, 13.605896572278395, 13.207175420635565, 12.783944986752578, 12.338214671870523, 11.872600918599701, 11.390306104465584, 10.895060502069025, 10.39102756651014, 9.882676871639985}","{-3.848677682930302*^-12, -3.8336913785552614*^-12, -3.809187673477207*^-12, -3.775848426658519*^-12, -3.7345746453612864*^-12, -3.686439590517116*^-12, -3.632636833757294*^-12, -3.5744276816335406*^-12, -3.513091858267123*^-12, -3.4498844051098722*^-12, -3.386000676334895*^-12, -3.3225502227583688*^-12, -3.2605394547045217*^-12, -3.2008622704755356*^-12, -3.144297420290137*^-12, -3.091511160038529*^-12, -3.0430637457321644*^-12, -2.999418408489842*^-12, -2.9609516587361973*^-12, -2.927963950551192*^-12, -2.9006899785908745*^-12, -2.8793080455453936*^-12, -2.863948135718119*^-12, -2.854698076314177*^-12, -2.8516082514230944*^-12, -2.854698076302894*^-12, -2.8639481357586187*^-12, -2.879308045640865*^-12, -2.900689978874394*^-12, -2.927963950534978*^-12, -2.9609516585999613*^-12, -2.999418408081144*^-12, -3.0430637456276294*^-12, -3.0915111603514067*^-12, -3.144297420331735*^-12, -3.2008622705862065*^-12, -3.2605394547784962*^-12, -3.3225502227695195*^-12, -3.386000676367394*^-12, -3.449884405363558*^-12, -3.5130918580852823*^-12, -3.574427681559676*^-12, -3.6326368336572827*^-12, -3.686439590604009*^-12, -3.734574645177258*^-12, -3.77584842672321*^-12, -3.809187673613973*^-12, -3.833691378166034*^-12, -3.848677682749453*^-12, -3.853721300121732*^-12, -3.848677682678635*^-12, -3.833691378298894*^-12, -3.809187673782469*^-12, -3.775848426723717*^-12, -3.73457464513862*^-12, -3.686439590666587*^-12, -3.6326368337594912*^-12, -3.5744276817969023*^-12, -3.513091857954604*^-12, -3.4498844052666844*^-12, -3.386000676488295*^-12, -3.3225502227083793*^-12, -3.2605394544887504*^-12, -3.20086227072358*^-12, -3.1442974202990518*^-12, -3.0915111606289808*^-12, -3.0430637451911495*^-12, -2.999418408856897*^-12, -2.9609516587159476*^-12, -2.9279639510592167*^-12, -2.90068997881347*^-12, -2.8793080456633443*^-12, -2.8639481358458087*^-12, -2.8546980764812903*^-12, -2.851608251363938*^-12, -2.854698076721822*^-12, -2.863948135931745*^-12, -2.8793080456632636*^-12, -2.9006899791918535*^-12, -2.927963950770576*^-12, -2.9609516592455693*^-12, -2.99941840887726*^-12, -3.043063745167268*^-12, -3.091511160400472*^-12, -3.144297420290935*^-12, -3.200862270546699*^-12, -3.260539454653689*^-12, -3.3225502228915513*^-12, -3.386000676444503*^-12, -3.4498844049984355*^-12, -3.5130918582610518*^-12, -3.5744276818043243*^-12, -3.632636833999577*^-12, -3.686439590555338*^-12, -3.734574645192299*^-12, -3.775848426624575*^-12, -3.809187673603323*^-12, -3.833691378149681*^-12, -3.84867768301459*^-12, -3.853721300206651*^-12}","{-3.8486776829304665*^-12, -3.833691378555362*^-12, -3.809187673477094*^-12, -3.775848426658535*^-12, -3.734574645361416*^-12, -3.6864395905169514*^-12, -3.632636833757459*^-12, -3.574427681633576*^-12, -3.513091858267078*^-12, -3.449884405109856*^-12, -3.3860006763347334*^-12, -3.322550222758556*^-12, -3.2605394547044636*^-12, -3.200862270475513*^-12, -3.144297420290279*^-12, -3.0915111600387034*^-12, -3.043063745732106*^-12, -2.9994184084898745*^-12, -2.960951658736375*^-12, -2.927963950551021*^-12, -2.9006899785908454*^-12, -2.879308045545468*^-12, -2.863948135718103*^-12, -2.8546980763142515*^-12, -2.8516082514231105*^-12, -2.8546980763029585*^-12, -2.863948135758509*^-12, -2.8793080456408263*^-12, -2.900689978874384*^-12, -2.9279639505350136*^-12, -2.960951658600026*^-12, -2.999418408081189*^-12, -3.0430637456275196*^-12, -3.091511160351452*^-12, -3.144297420331806*^-12, -3.200862270586242*^-12, -3.2605394547784445*^-12, -3.3225502227695777*^-12, -3.3860006763672196*^-12, -3.4498844053634613*^-12, -3.513091858085334*^-12, -3.574427681559831*^-12, -3.6326368336572633*^-12, -3.686439590604232*^-12, -3.734574645177284*^-12, -3.775848426723236*^-12, -3.809187673613886*^-12, -3.833691378166451*^-12, -3.8486776827494335*^-12, -3.8537213001216644*^-12, -3.848677682678713*^-12, -3.833691378298971*^-12, -3.809187673782346*^-12, -3.775848426723724*^-12, -3.734574645138733*^-12, -3.686439590666484*^-12, -3.63263683375964*^-12, -3.5744276817969055*^-12, -3.513091857954507*^-12, -3.4498844052668718*^-12, -3.3860006764881624*^-12, -3.3225502227084794*^-12, -3.2605394544887956*^-12, -3.200862270723483*^-12, -3.144297420299039*^-12, -3.0915111606289614*^-12, -3.043063745191085*^-12, -2.999418408856839*^-12, -2.9609516587157375*^-12, -2.9279639510592103*^-12, -2.9006899788135993*^-12, -2.87930804566348*^-12, -2.8639481358458345*^-12, -2.854698076481371*^-12, -2.8516082513639994*^-12, -2.8546980767217446*^-12, -2.8639481359317062*^-12, -2.8793080456632765*^-12, -2.9006899791920312*^-12, -2.9279639507706567*^-12, -2.960951659245469*^-12, -2.999418408877221*^-12, -3.043063745167394*^-12, -3.0915111604003622*^-12, -3.144297420291003*^-12, -3.2008622705467377*^-12, -3.260539454653663*^-12, -3.3225502228915254*^-12, -3.3860006764445577*^-12, -3.4498844049984517*^-12, -3.5130918582610647*^-12, -3.5744276818043243*^-12, -3.6326368339996256*^-12, -3.686439590555399*^-12, -3.734574645192147*^-12, -3.775848426624653*^-12, -3.809187673603381*^-12, -3.833691378149804*^-12, -3.8486776830145804*^-12, -3.853721300206809*^-12}"
1.259,"{10.376452057481032, 10.865087508089104, 11.345490675970762, 11.813746544524173, 12.266329538915475, 12.7001903732946, 13.112810827193462, 13.502225935191472, 13.867016117943503, 14.206274050169165, 14.519552381754307, 14.806798823259538, 15.068284739833674, 15.304532504743554, 15.516245693461727, 15.70424496535958, 15.869411338773968, 16.012637610580704, 16.134787943319015, 16.23666514131505, 16.318984837271163, 16.382355675665913, 16.42726456986199, 16.454066190303983, 16.462975982201495, 16.454066190303983, 16.42726456986199, 16.382355675665913, 16.318984837271163, 16.23666514131505, 16.134787943319015, 16.012637610580704, 15.869411338773968, 15.70424496535958, 15.516245693461727, 15.304532504743552, 15.068284739833672, 14.806798823259538, 14.519552381754307, 14.206274050169164, 13.867016117943503, 13.50222593519147, 13.112810827193462, 12.700190373294596, 12.266329538915473, 11.813746544524172, 11.345490675970758, 10.865087508089097, 10.376452057481034, 9.883773828627737, 9.391381043049494, 8.90359396594479, 8.42457867484387, 7.958212568847592, 7.507971402523178, 7.076844940251903, 6.667284967049177, 6.281185941078137, 5.919895554358602, 5.584250245747031, 5.274629444642604, 4.991021984086277, 4.733098537740243, 4.500284865383346, 4.291831846543803, 4.106879528595818, 3.9445135599586973, 3.8038133296361516, 3.683891854004892, 3.5839279428429567, 3.5031914656760024, 3.4410626645068105, 3.397046459695437, 3.3707826081531813, 3.362052426463468, 3.370782608153181, 3.397046459695437, 3.441062664506811, 3.503191465676002, 3.583927942842957, 3.6838918540048926, 3.803813329636153, 3.9445135599587, 4.10687952859582, 4.291831846543803, 4.500284865383344, 4.733098537740241, 4.991021984086276, 5.274629444642604, 5.58425024574703, 5.919895554358603, 6.281185941078139, 6.66728496704918, 7.076844940251906, 7.5079714025231805, 7.958212568847595, 8.424578674843872, 8.90359396594479, 9.391381043049494, 9.883773828627737}","{9.3913810430495, 8.903593965944795, 8.424578674843875, 7.958212568847594, 7.507971402523182, 7.076844940251907, 6.6672849670491825, 6.281185941078142, 5.919895554358607, 5.584250245747033, 5.274629444642608, 4.99102198408628, 4.733098537740244, 4.500284865383348, 4.291831846543807, 4.106879528595821, 3.9445135599587013, 3.8038133296361547, 3.6838918540048957, 3.5839279428429593, 3.503191465676005, 3.4410626645068128, 3.39704645969544, 3.3707826081531835, 3.3620524264634706, 3.3707826081531835, 3.39704645969544, 3.441062664506813, 3.5031914656760055, 3.5839279428429593, 3.6838918540048957, 3.8038133296361556, 3.9445135599587013, 4.1068795285958215, 4.291831846543807, 4.5002848653833505, 4.733098537740245, 4.99102198408628, 5.274629444642608, 5.584250245747035, 5.9198955543586065, 6.281185941078144, 6.6672849670491825, 7.076844940251909, 7.507971402523184, 7.958212568847598, 8.424578674843877, 8.9035939659448, 9.391381043049499, 9.88377382862774, 10.376452057481039, 10.865087508089108, 11.345490675970767, 11.813746544524179, 12.26632953891548, 12.700190373294603, 13.112810827193469, 13.502225935191479, 13.867016117943507, 14.206274050169169, 14.51955238175431, 14.806798823259541, 15.068284739833675, 15.304532504743555, 15.51624569346173, 15.704244965359583, 15.869411338773972, 16.012637610580708, 16.13478794331902, 16.236665141315054, 16.318984837271167, 16.382355675665917, 16.427264569861993, 16.454066190303987, 16.4629759822015, 16.454066190303987, 16.427264569861993, 16.382355675665917, 16.318984837271163, 16.236665141315054, 16.13478794331902, 16.012637610580708, 15.86941133877397, 15.704244965359582, 15.51624569346173, 15.304532504743557, 15.068284739833675, 14.806798823259543, 14.51955238175431, 14.20627405016917, 13.867016117943507, 13.502225935191476, 13.112810827193464, 12.7001903732946, 12.266329538915477, 11.813746544524172, 11.345490675970765, 10.865087508089108, 10.376452057481037, 9.883773828627742}","{2.4250536349051793*^-17, 2.4161923552306557*^-17, 2.4016959512159442*^-17, 2.3819573361382997*^-17, 2.3574968826174972*^-17, 2.328936290960197*^-17, 2.296969479296475*^-17, 2.2623328957327982*^-17, 2.2257774041937598*^-17, 2.1880434144180772*^-17, 2.1498403600085806*^-17, 2.1118310457296498*^-17, 2.0746208790389564*^-17, 2.038751613158584*^-17, 2.004698969541267*^-17, 1.9728733694357556*^-17, 1.9436229821001608*^-17, 1.9172383296592175*^-17, 1.8939577806212084*^-17, 1.87397337891796*^-17, 1.8574365561615743*^-17, 1.844463392411473*^-17, 1.8351391703984065*^-17, 1.8295223297962776*^-17, 1.827646219404939*^-17, 1.829522329789099*^-17, 1.8351391703948172*^-17, 1.8444633925354228*^-17, 1.8574365560185735*^-17, 1.8739733789322383*^-17, 1.8939577807124598*^-17, 1.9172383295947084*^-17, 1.9436229821615145*^-17, 1.9728733694354598*^-17, 2.0046989695486625*^-17, 2.0387516131101282*^-17, 2.0746208789146517*^-17, 2.1118310457273424*^-17, 2.1498403600144773*^-17, 2.1880434144218834*^-17, 2.225777404274697*^-17, 2.2623328958994057*^-17, 2.296969479215735*^-17, 2.3289362909170068*^-17, 2.35749688249195*^-17, 2.3819573361778216*^-17, 2.4016959509637848*^-17, 2.4161923553233863*^-17, 2.4250536348195484*^-17, 2.428035095823014*^-17, 2.4250536348207317*^-17, 2.416192355147273*^-17, 2.4016959510475224*^-17, 2.38195733624026*^-17, 2.357496882493646*^-17, 2.3289362910466956*^-17, 2.2969694791286842*^-17, 2.2623328956642462*^-17, 2.2257774041937204*^-17, 2.1880434145035108*^-17, 2.149840360173926*^-17, 2.111831045612859*^-17, 2.0746208790778275*^-17, 2.0387516131231445*^-17, 2.0046989694155817*^-17, 1.972873369534442*^-17, 1.943622982193069*^-17, 1.9172383295674138*^-17, 1.8939577806122745*^-17, 1.873973379045775*^-17, 1.8574365560711906*^-17, 1.8444633923808652*^-17, 1.8351391703846015*^-17, 1.8295223301069113*^-17, 1.82764621956066*^-17, 1.8295223295886692*^-17, 1.8351391703928056*^-17, 1.844463392405182*^-17, 1.857436555709281*^-17, 1.8739733790624003*^-17, 1.8939577804587622*^-17, 1.9172383294445684*^-17, 1.943622981969703*^-17, 1.9728733693425714*^-17, 2.0046989695076417*^-17, 2.0387516131177605*^-17, 2.074620878994011*^-17, 2.1118310456043*^-17, 2.1498403602711924*^-17, 2.1880434145116952*^-17, 2.225777404294103*^-17, 2.2623328958144848*^-17, 2.2969694792059926*^-17, 2.3289362908890417*^-17, 2.3574968824847714*^-17, 2.3819573361386547*^-17, 2.4016959510538333*^-17, 2.4161923552331406*^-17, 2.4250536348203767*^-17, 2.4280350958181624*^-17}","{2.4250536349056132*^-17, 2.416192355230774*^-17, 2.4016959512159442*^-17, 2.3819573361388125*^-17, 2.3574968826176155*^-17, 2.3289362909603153*^-17, 2.2969694792967905*^-17, 2.2623328957328377*^-17, 2.2257774041939176*^-17, 2.1880434144181166*^-17, 2.1498403600086003*^-17, 2.1118310457298865*^-17, 2.0746208790393114*^-17, 2.0387516131587812*^-17, 2.004698969541267*^-17, 1.9728733694358937*^-17, 1.9436229821003383*^-17, 1.9172383296594936*^-17, 1.8939577806211886*^-17, 1.8739733789183346*^-17, 1.857436556161535*^-17, 1.8444633924118872*^-17, 1.8351391703982488*^-17, 1.8295223297965735*^-17, 1.8276462194050178*^-17, 1.8295223297893357*^-17, 1.8351391703945214*^-17, 1.8444633925356003*^-17, 1.8574365560181594*^-17, 1.8739733789322974*^-17, 1.8939577807123415*^-17, 1.9172383295945506*^-17, 1.9436229821614158*^-17, 1.9728733694358148*^-17, 2.0046989695486428*^-17, 2.0387516131098324*^-17, 2.074620878914829*^-17, 2.1118310457275988*^-17, 2.1498403600147337*^-17, 2.1880434144219426*^-17, 2.2257774042747364*^-17, 2.2623328958994057*^-17, 2.2969694792159717*^-17, 2.3289362909173224*^-17, 2.3574968824921472*^-17, 2.381957336178019*^-17, 2.4016959509637848*^-17, 2.4161923553237413*^-17, 2.425053634819943*^-17, 2.4280350958231716*^-17, 2.4250536348209684*^-17, 2.4161923551475098*^-17, 2.4016959510480746*^-17, 2.3819573362402205*^-17, 2.3574968824934094*^-17, 2.328936291046656*^-17, 2.2969694791289603*^-17, 2.2623328956642462*^-17, 2.2257774041935626*^-17, 2.188043414503787*^-17, 2.1498403601737286*^-17, 2.1118310456130168*^-17, 2.0746208790780247*^-17, 2.0387516131231642*^-17, 2.004698969415483*^-17, 1.9728733695346196*^-17, 1.9436229821933647*^-17, 1.917238329567552*^-17, 1.8939577806122942*^-17, 1.8739733790459328*^-17, 1.8574365560712892*^-17, 1.8444633923811413*^-17, 1.8351391703846804*^-17, 1.8295223301069508*^-17, 1.8276462195611136*^-17, 1.8295223295885114*^-17, 1.8351391703926873*^-17, 1.8444633924056552*^-17, 1.8574365557094584*^-17, 1.8739733790624792*^-17, 1.893957780458782*^-17, 1.9172383294445093*^-17, 1.943622981970117*^-17, 1.9728733693426898*^-17, 2.0046989695078784*^-17, 2.0387516131178985*^-17, 2.0746208789936364*^-17, 2.111831045604497*^-17, 2.1498403602714093*^-17, 2.1880434145119516*^-17, 2.225777404294379*^-17, 2.262332895814603*^-17, 2.2969694792061898*^-17, 2.3289362908894756*^-17, 2.3574968824848502*^-17, 2.381957336138773*^-17, 2.4016959510541488*^-17, 2.41619235523318*^-17, 2.4250536348205345*^-17, 2.4280350958185568*^-17}"
1.298,"{10.362709645083525, 10.836854083923328, 11.303264073838578, 11.758248779817539, 12.198468919240938, 12.621016577808643, 13.02346683952973, 13.403900543310087, 13.760900117584885, 14.093522457746994, 14.401254040609576, 14.683953915461728, 14.94178999286687, 15.175173358746303, 15.384694377768056, 15.571063299916428, 15.735057086725368, 15.877473318003872, 15.999091369109271, 16.100640570694203, 16.182774761817363, 16.246052495406946, 16.290922120273333, 16.317711015588404, 16.326618365797895, 16.317711015588404, 16.290922120273333, 16.246052495406946, 16.182774761817363, 16.100640570694203, 15.999091369109271, 15.87747331800387, 15.735057086725368, 15.571063299916426, 15.384694377768056, 15.175173358746301, 14.941789992866868, 14.683953915461728, 14.401254040609576, 14.093522457746992, 13.760900117584885, 13.403900543310085, 13.023466839529732, 12.621016577808637, 12.198468919240936, 11.758248779817537, 11.303264073838577, 10.836854083923324, 10.362709645083525, 9.88476877536041, 9.407094197592803, 8.93374140180572, 8.468627094468921, 8.015407842088726, 7.5773774483983365, 7.157389345062187, 6.757807433447954, 6.380485865947147, 6.026775635878364, 5.697553868339689, 5.393270520672314, 5.1140068029903665, 4.859539889868209, 4.629409221303859, 4.422980677615672, 4.239505975982887, 4.078175638078229, 3.938164731821829, 3.8186712547899524, 3.7189474964440956, 3.638325008186161, 3.5762339533138365, 3.5322176359016644, 3.5059429493434644, 3.4972073679673126, 3.505942949343464, 3.5322176359016644, 3.5762339533138365, 3.6383250081861633, 3.7189474964440956, 3.8186712547899533, 3.9381647318218302, 4.078175638078231, 4.239505975982888, 4.422980677615672, 4.629409221303859, 4.859539889868208, 5.114006802990365, 5.393270520672315, 5.697553868339688, 6.026775635878364, 6.380485865947149, 6.757807433447957, 7.157389345062192, 7.577377448398341, 8.01540784208873, 8.468627094468921, 8.933741401805719, 9.407094197592803, 9.88476877536041}","{9.407094197592784, 8.933741401805698, 8.4686270944689, 8.015407842088706, 7.5773774483983205, 7.157389345062167, 6.757807433447939, 6.380485865947131, 6.026775635878347, 5.697553868339672, 5.393270520672299, 5.1140068029903505, 4.859539889868193, 4.6294092213038445, 4.422980677615658, 4.2395059759828735, 4.078175638078217, 3.938164731821816, 3.8186712547899404, 3.7189474964440836, 3.6383250081861505, 3.576233953313824, 3.5322176359016533, 3.505942949343453, 3.4972073679673006, 3.505942949343453, 3.5322176359016533, 3.5762339533138245, 3.6383250081861522, 3.7189474964440836, 3.81867125478994, 3.9381647318218174, 4.078175638078218, 4.239505975982874, 4.422980677615658, 4.629409221303846, 4.859539889868194, 5.1140068029903505, 5.393270520672298, 5.697553868339672, 6.026775635878347, 6.380485865947133, 6.757807433447938, 7.157389345062171, 7.5773774483983205, 8.015407842088708, 8.468627094468902, 8.933741401805701, 9.407094197592784, 9.88476877536039, 10.362709645083505, 10.836854083923305, 11.303264073838559, 11.758248779817519, 12.19846891924092, 12.621016577808621, 13.023466839529716, 13.40390054331007, 13.760900117584868, 14.093522457746976, 14.40125404060956, 14.683953915461714, 14.941789992866854, 15.175173358746289, 15.38469437776804, 15.571063299916414, 15.735057086725355, 15.877473318003856, 15.999091369109257, 16.100640570694193, 16.182774761817353, 16.246052495406932, 16.290922120273322, 16.317711015588394, 16.32661836579788, 16.31771101558839, 16.290922120273322, 16.246052495406932, 16.182774761817353, 16.10064057069419, 15.999091369109259, 15.877473318003856, 15.735057086725353, 15.571063299916414, 15.38469437776804, 15.175173358746289, 14.941789992866854, 14.683953915461714, 14.401254040609558, 14.093522457746976, 13.760900117584868, 13.403900543310067, 13.023466839529712, 12.621016577808616, 12.198468919240916, 11.758248779817515, 11.303264073838559, 10.836854083923306, 10.362709645083505, 9.884768775360392}","{1.3594426636401901*^-17, 1.3547582007872708*^-17, 1.3470911866350272*^-17, 1.3366444423774883*^-17, 1.3236871768824317*^-17, 1.3085418540954047*^-17, 1.291569590735492*^-17, 1.273155130417012*^-17, 1.2536924750342054*^-17, 1.2335720745409757*^-17, 1.2131700518716426*^-17, 1.1928398830307885*^-17, 1.1729064576680836*^-17, 1.1536624691880892*^-17, 1.135366721046646*^-17, 1.1182441944690803*^-17, 1.1024871870210766*^-17, 1.0882574451811999*^-17, 1.0756887731033269*^-17, 1.0648898438649604*^-17, 1.0559470072378496*^-17, 1.0489269988889715*^-17, 1.0438791270165108*^-17, 1.040837234424632*^-17, 1.0398210859943937*^-17, 1.0408372347688218*^-17, 1.0438791274392909*^-17, 1.0489269951558154*^-17, 1.0559470124267695*^-17, 1.0648898421523532*^-17, 1.0756887729320652*^-17, 1.0882574469186759*^-17, 1.1024871837904644*^-17, 1.118244195550796*^-17, 1.1353667211049132*^-17, 1.1536624653617687*^-17, 1.1729064618455754*^-17, 1.1928398839894517*^-17, 1.2131700566211375*^-17, 1.2335720746111646*^-17, 1.2536924768398094*^-17, 1.2731551336025113*^-17, 1.2915695929062794*^-17, 1.3085418512079174*^-17, 1.3236871734058034*^-17, 1.3366444402965915*^-17, 1.3470911854620107*^-17, 1.3547581996453552*^-17, 1.359442663913136*^-17, 1.3610184227920932*^-17, 1.3594426661930624*^-17, 1.3547582006062667*^-17, 1.3470911834664687*^-17, 1.336644441204748*^-17, 1.3236871789402345*^-17, 1.3085418507396102*^-17, 1.2915695945179814*^-17, 1.2731551264105256*^-17, 1.2536924786715642*^-17, 1.2335720733521426*^-17, 1.2131700486429533*^-17, 1.1928398787630707*^-17, 1.1729064604251525*^-17, 1.1536624683671118*^-17, 1.1353667225486963*^-17, 1.118244196431007*^-17, 1.1024871820805887*^-17, 1.0882574455416502*^-17, 1.0756887818961875*^-17, 1.0648898399136941*^-17, 1.0559470078547487*^-17, 1.0489269936976258*^-17, 1.0438791317778583*^-17, 1.0408372322614767*^-17, 1.03982108330919*^-17, 1.0408372322952301*^-17, 1.0438791276579434*^-17, 1.0489269935637265*^-17, 1.0559470086137216*^-17, 1.0648898468689328*^-17, 1.0756887765857238*^-17, 1.0882574417913758*^-17, 1.1024871857841329*^-17, 1.1182441955199712*^-17, 1.1353667224897487*^-17, 1.153662468500242*^-17, 1.1729064626045385*^-17, 1.1928398804546843*^-17, 1.2131700486086378*^-17, 1.2335720719334354*^-17, 1.2536924775941577*^-17, 1.2731551308162743*^-17, 1.2915695918311803*^-17, 1.3085418536593422*^-17, 1.3236871856565174*^-17, 1.3366444398930695*^-17, 1.3470911800478414*^-17, 1.3547582036081388*^-17, 1.3594426657379685*^-17, 1.361018422789628*^-17}","{1.3594426636401113*^-17, 1.3547582007872906*^-17, 1.3470911866347905*^-17, 1.33664444237737*^-17, 1.3236871768822936*^-17, 1.308541854095385*^-17, 1.2915695907353342*^-17, 1.2731551304168543*^-17, 1.2536924750341068*^-17, 1.2335720745409165*^-17, 1.2131700518715638*^-17, 1.1928398830307688*^-17, 1.1729064576679751*^-17, 1.1536624691880498*^-17, 1.1353667210466657*^-17, 1.1182441944689718*^-17, 1.1024871870210668*^-17, 1.0882574451812295*^-17, 1.0756887731031987*^-17, 1.0648898438649505*^-17, 1.0559470072377312*^-17, 1.0489269988888433*^-17, 1.0438791270164417*^-17, 1.040837234424553*^-17, 1.039821085994305*^-17, 1.0408372347687232*^-17, 1.0438791274391923*^-17, 1.0489269951558943*^-17, 1.0559470124266413*^-17, 1.0648898421523335*^-17, 1.0756887729318877*^-17, 1.0882574469186463*^-17, 1.1024871837903658*^-17, 1.1182441955508255*^-17, 1.1353667211049428*^-17, 1.1536624653617884*^-17, 1.1729064618456641*^-17, 1.1928398839896292*^-17, 1.2131700566210783*^-17, 1.233572074611204*^-17, 1.2536924768397503*^-17, 1.2731551336026888*^-17, 1.2915695929062005*^-17, 1.3085418512078977*^-17, 1.3236871734057836*^-17, 1.3366444402965324*^-17, 1.3470911854620305*^-17, 1.3547581996453552*^-17, 1.3594426639131163*^-17, 1.3610184227919946*^-17, 1.3594426661927665*^-17, 1.3547582006061484*^-17, 1.3470911834661729*^-17, 1.336644441204669*^-17, 1.323687178940136*^-17, 1.3085418507394327*^-17, 1.2915695945177645*^-17, 1.2731551264104664*^-17, 1.2536924786713867*^-17, 1.2335720733522215*^-17, 1.2131700486430322*^-17, 1.1928398787629327*^-17, 1.1729064604251525*^-17, 1.1536624683670132*^-17, 1.1353667225485977*^-17, 1.1182441964309083*^-17, 1.1024871820805493*^-17, 1.0882574455416699*^-17, 1.0756887818962565*^-17, 1.0648898399137139*^-17, 1.0559470078547092*^-17, 1.0489269936975765*^-17, 1.043879131777809*^-17, 1.0408372322614472*^-17, 1.0398210833092394*^-17, 1.0408372322953682*^-17, 1.0438791276579237*^-17, 1.0489269935636575*^-17, 1.0559470086139681*^-17, 1.064889846868923*^-17, 1.0756887765856942*^-17, 1.0882574417914942*^-17, 1.1024871857840244*^-17, 1.1182441955198627*^-17, 1.1353667224897388*^-17, 1.1536624685001236*^-17, 1.1729064626046667*^-17, 1.1928398804545463*^-17, 1.2131700486086576*^-17, 1.2335720719335932*^-17, 1.253692477594059*^-17, 1.2731551308161954*^-17, 1.2915695918310817*^-17, 1.3085418536595394*^-17, 1.3236871856562807*^-17, 1.3366444398929117*^-17, 1.347091180047723*^-17, 1.3547582036081783*^-17, 1.3594426657379882*^-17, 1.3610184227895294*^-17}"
1.337,"{10.349731645643075, 10.810214324473712, 11.263410761706501, 11.705833087068827, 12.134311999082692, 12.546070284520482, 12.93877145000464, 13.310542667130923, 13.65997352982008, 13.986093913160195, 14.288335361572702, 14.566480905873407, 14.820608102071978, 15.051029549817336, 15.258234355444053, 15.442833110634897, 15.605508086561565, 15.746969578043261, 15.86791871711421, 15.969016623628335, 16.05085946380653, 16.11395882515427, 16.15872676200214, 16.185464894012803, 16.194357027176324, 16.185464894012803, 16.15872676200214, 16.11395882515427, 16.05085946380653, 15.969016623628333, 15.86791871711421, 15.746969578043261, 15.605508086561564, 15.442833110634895, 15.258234355444051, 15.051029549817333, 14.820608102071978, 14.566480905873407, 14.288335361572702, 13.986093913160197, 13.65997352982008, 13.310542667130921, 12.93877145000464, 12.54607028452048, 12.134311999082689, 11.705833087068823, 11.2634107617065, 10.810214324473709, 10.349731645643075, 9.885674084759135, 9.421865571751756, 8.962123434329445, 8.510139565914677, 8.069370495420014, 7.642943850657602, 7.233586795354303, 6.843579599939334, 6.474734972162346, 6.128401491276706, 5.805487728903092, 5.506502539471031, 5.231606571656727, 4.980670195795345, 4.753333607061021, 4.549065678463202, 4.367219044360149, 4.207079771564785, 4.067910739860597, 3.9489884643519764, 3.8496335370160346, 3.7692351538057856, 3.7072703484494576, 3.663318601253017, 3.6370724570838364, 3.6283446945421205, 3.637072457083836, 3.6633186012530174, 3.7072703484494576, 3.769235153805785, 3.8496335370160355, 3.9489884643519773, 4.067910739860598, 4.207079771564786, 4.36721904436015, 4.549065678463202, 4.753333607061019, 4.980670195795345, 5.231606571656727, 5.5065025394710325, 5.805487728903092, 6.1284014912767075, 6.474734972162348, 6.843579599939337, 7.233586795354306, 7.642943850657605, 8.069370495420014, 8.510139565914677, 8.962123434329444, 9.421865571751756, 9.885674084759133}","{9.421865571751763, 8.962123434329452, 8.510139565914688, 8.069370495420017, 7.64294385065761, 7.23358679535431, 6.843579599939344, 6.474734972162355, 6.128401491276715, 5.8054877289031, 5.506502539471038, 5.231606571656734, 4.9806701957953505, 4.753333607061026, 4.549065678463207, 4.367219044360154, 4.207079771564791, 4.067910739860603, 3.948988464351983, 3.849633537016041, 3.7692351538057904, 3.7072703484494616, 3.663318601253022, 3.6370724570838413, 3.6283446945421263, 3.6370724570838413, 3.663318601253022, 3.7072703484494625, 3.7692351538057904, 3.8496335370160413, 3.9489884643519826, 4.067910739860603, 4.207079771564792, 4.367219044360155, 4.54906567846321, 4.753333607061028, 4.980670195795351, 5.231606571656734, 5.506502539471037, 5.805487728903099, 6.128401491276714, 6.474734972162357, 6.843579599939342, 7.233586795354312, 7.642943850657612, 8.069370495420022, 8.510139565914688, 8.962123434329456, 9.421865571751763, 9.885674084759144, 10.349731645643082, 10.81021432447372, 11.26341076170651, 11.705833087068832, 12.1343119990827, 12.54607028452049, 12.938771450004648, 13.31054266713093, 13.659973529820087, 13.986093913160204, 14.28833536157271, 14.566480905873414, 14.820608102071983, 15.051029549817342, 15.258234355444058, 15.442833110634902, 15.60550808656157, 15.746969578043268, 15.867918717114215, 15.969016623628342, 16.050859463806532, 16.113958825154274, 16.158726762002143, 16.18546489401281, 16.19435702717633, 16.18546489401281, 16.158726762002146, 16.113958825154274, 16.050859463806532, 15.969016623628338, 15.867918717114215, 15.746969578043268, 15.605508086561569, 15.4428331106349, 15.258234355444058, 15.051029549817342, 14.820608102071983, 14.566480905873416, 14.28833536157271, 13.986093913160204, 13.659973529820086, 13.310542667130928, 12.938771450004644, 12.546070284520486, 12.134311999082698, 11.70583308706883, 11.26341076170651, 10.810214324473723, 10.349731645643082, 9.885674084759145}","{4.5303866722373415*^-20, 4.51569501693851*^-20, 4.491638698246314*^-20, 4.458839616626652*^-20, 4.4181245121188456*^-20, 4.370486352359159*^-20, 4.3170406127461304*^-20, 4.258979994760342*^-20, 4.1975311762290315*^-20, 4.133915224055679*^-20, 4.069314682166737*^-20, 4.00484677939381*^-20, 3.9415446970549836*^-20, 3.880344802931621*^-20, 3.822080844478258*^-20, 3.76748230800213*^-20, 3.7171772371542534*^-20, 3.671697940648846*^-20, 3.631487750106868*^-20, 3.596909395675557*^-20, 3.568253258316649*^-20, 3.545745144540046*^-20, 3.529553239152548*^-20, 3.519797198741928*^-20, 3.516542207245897*^-20, 3.519797246593083*^-20, 3.529553115821965*^-20, 3.545745148147621*^-20, 3.568253258333058*^-20, 3.596909411003841*^-20, 3.6314877112698744*^-20, 3.671697956528524*^-20, 3.717177297883331*^-20, 3.767482291844656*^-20, 3.8220808284299845*^-20, 3.880344848832964*^-20, 3.9415446509608933*^-20, 4.0048468122601894*^-20, 4.0693146988657824*^-20, 4.133915255091385*^-20, 4.197531144878513*^-20, 4.2589800109483224*^-20, 4.317040596721931*^-20, 4.3704864020327443*^-20, 4.418124496641071*^-20, 4.4588395880413064*^-20, 4.4916386982522076*^-20, 4.5156950199207353*^-20, 4.530386673711333*^-20, 4.535327587891852*^-20, 4.53038673548777*^-20, 4.51569495830962*^-20, 4.491638695345594*^-20, 4.4588396474775074*^-20, 4.418124529652512*^-20, 4.37048638495483*^-20, 4.317040627183479*^-20, 4.258980010089396*^-20, 4.197531187772131*^-20, 4.133915268107744*^-20, 4.0693146186722165*^-20, 4.0048468093959464*^-20, 3.941544681514963*^-20, 3.8803448621263103*^-20, 3.8220808601277484*^-20, 3.76748227404109*^-20, 3.7171772957530987*^-20, 3.671697876215165*^-20, 3.6314876847105686*^-20, 3.5969094385293857*^-20, 3.568253225848205*^-20, 3.545745159027315*^-20, 3.529553130314048*^-20, 3.5197972347626344*^-20, 3.5165421509631366*^-20, 3.519797234553132*^-20, 3.529553130440158*^-20, 3.545745159266708*^-20, 3.568253225684347*^-20, 3.596909318941616*^-20, 3.6314876520936354*^-20, 3.671697907119369*^-20, 3.717177201293284*^-20, 3.7674823346734476*^-20, 3.8220808892267395*^-20, 3.880344800258507*^-20, 3.9415446808140015*^-20, 4.004846778893646*^-20, 4.0693146498184326*^-20, 4.133915235770071*^-20, 4.1975311253421105*^-20, 4.258980040642079*^-20, 4.317040658741459*^-20, 4.3704863228271035*^-20, 4.418124556794681*^-20, 4.458839617082905*^-20, 4.4916387290355014*^-20, 4.5156950184524064*^-20, 4.5303866712100505*^-20, 4.53532755508352*^-20}","{4.5303866722390363*^-20, 4.5156950169399736*^-20, 4.49163869824824*^-20, 4.4588396166281927*^-20, 4.4181245121208486*^-20, 4.370486352360931*^-20, 4.317040612747825*^-20, 4.258979994762075*^-20, 4.1975311762304567*^-20, 4.133915224057258*^-20, 4.0693146821684705*^-20, 4.004846779395389*^-20, 3.94154469705637*^-20, 3.880344802933046*^-20, 3.822080844479606*^-20, 3.767482308003555*^-20, 3.717177237155948*^-20, 3.6716979406501943*^-20, 3.6314877501087554*^-20, 3.596909395676905*^-20, 3.5682532583176506*^-20, 3.54574514454151*^-20, 3.529553239153742*^-20, 3.5197971987430067*^-20, 3.516542207247284*^-20, 3.5197972465948547*^-20, 3.529553115823621*^-20, 3.545745148149162*^-20, 3.5682532583343677*^-20, 3.59690941100569*^-20, 3.631487711271608*^-20, 3.671697956530642*^-20, 3.7171772978849875*^-20, 3.767482291845696*^-20, 3.8220808284319104*^-20, 3.880344848834582*^-20, 3.9415446509627037*^-20, 4.004846812262616*^-20, 4.069314698867477*^-20, 4.133915255093504*^-20, 4.197531144880593*^-20, 4.258980010950017*^-20, 4.3170405967238954*^-20, 4.370486402034285*^-20, 4.418124496642766*^-20, 4.4588395880428856*^-20, 4.4916386982543646*^-20, 4.515695019922623*^-20, 4.530386673713413*^-20, 4.5353275878932386*^-20, 4.530386735489195*^-20, 4.515694958311469*^-20, 4.491638695348252*^-20, 4.4588396474795874*^-20, 4.418124529654438*^-20, 4.370486384956525*^-20, 4.317040627185983*^-20, 4.258980010090629*^-20, 4.197531187774442*^-20, 4.1339152681092464*^-20, 4.069314618673642*^-20, 4.0048468093981034*^-20, 3.941544681516542*^-20, 3.880344862127774*^-20, 3.822080860129212*^-20, 3.767482274042515*^-20, 3.717177295754524*^-20, 3.67169787621686*^-20, 3.63148768471184*^-20, 3.5969094385306953*^-20, 3.568253225849823*^-20, 3.5457451590284705*^-20, 3.5295531303155505*^-20, 3.519797234764406*^-20, 3.5165421509642537*^-20, 3.5197972345546725*^-20, 3.529553130441237*^-20, 3.545745159268133*^-20, 3.5682532256863114*^-20, 3.5969093189433495*^-20, 3.6314876520945983*^-20, 3.671697907121102*^-20, 3.71717720129494*^-20, 3.767482334675181*^-20, 3.8220808892280876*^-20, 3.880344800260356*^-20, 3.941544680815581*^-20, 4.004846778895533*^-20, 4.0693146498201275*^-20, 4.133915235771804*^-20, 4.1975311253442675*^-20, 4.2589800406437354*^-20, 4.317040658743462*^-20, 4.370486322828644*^-20, 4.4181245567964914*^-20, 4.458839617084908*^-20, 4.491638729037543*^-20, 4.515695018454448*^-20, 4.5303866712114756*^-20, 4.535327555085253*^-20}"
1.3760000000000001,"{10.337456622316514, 10.785038040970909, 11.22573819104632, 11.656253539637193, 12.073570275501591, 12.475032179356601, 12.858386421238484, 13.221806418720945, 13.563892897903438, 13.883655894623123, 14.180481483980873, 14.454087507838135, 14.704472546570058, 14.931861972971124, 15.136654274148277, 15.319370066054894, 15.480605464601771, 15.62099079375845, 15.741155048860751, 15.841696109345868, 15.923156406501016, 15.986003583540844, 16.030615616613044, 16.05726987413865, 16.066135657807216, 16.05726987413865, 16.030615616613044, 15.986003583540844, 15.923156406501016, 15.841696109345868, 15.741155048860753, 15.62099079375845, 15.480605464601771, 15.319370066054892, 15.136654274148277, 14.931861972971122, 14.704472546570058, 14.454087507838135, 14.180481483980873, 13.883655894623121, 13.563892897903438, 13.221806418720945, 12.858386421238487, 12.475032179356598, 12.07357027550159, 11.65625353963719, 11.22573819104632, 10.785038040970907, 10.337456622316514, 9.886500296043348, 9.435777432236485, 8.988890351337746, 8.549327566735071, 8.12036384170438, 7.704974665755069, 7.305770127337088, 6.9249510875706015, 6.564288370792868, 6.2251236911579095, 5.908389463571548, 5.614643628893448, 5.34411517630846, 5.0967561013461715, 4.872295973133691, 4.67029595616189, 4.490199905349959, 4.331380919682913, 4.1931824237673885, 4.074953405689257, 3.976077858124215, 3.8959987517924755, 3.8342370319485926, 3.7904061910521762, 3.764222956424849, 3.7555145610832947, 3.7642229564248484, 3.790406191052176, 3.8342370319485926, 3.8959987517924755, 3.976077858124215, 4.074953405689257, 4.193182423767389, 4.331380919682913, 4.490199905349959, 4.67029595616189, 4.8722959731336895, 5.0967561013461715, 5.34411517630846, 5.614643628893448, 5.908389463571547, 6.22512369115791, 6.564288370792872, 6.924951087570607, 7.305770127337091, 7.704974665755072, 8.120363841704382, 8.549327566735071, 8.988890351337746, 9.435777432236483, 9.886500296043346}","{9.435777432236494, 8.988890351337757, 8.549327566735082, 8.120363841704387, 7.7049746657550795, 7.305770127337096, 6.924951087570615, 6.564288370792881, 6.2251236911579175, 5.908389463571554, 5.614643628893456, 5.344115176308467, 5.096756101346179, 4.872295973133697, 4.670295956161897, 4.490199905349965, 4.33138091968292, 4.193182423767394, 4.074953405689264, 3.976077858124221, 3.8959987517924817, 3.8342370319485988, 3.7904061910521816, 3.764222956424854, 3.7555145610833005, 3.7642229564248537, 3.790406191052181, 3.8342370319485988, 3.895998751792482, 3.976077858124221, 4.074953405689263, 4.193182423767395, 4.33138091968292, 4.490199905349966, 4.670295956161897, 4.872295973133699, 5.096756101346179, 5.344115176308467, 5.614643628893455, 5.908389463571556, 6.2251236911579175, 6.564288370792881, 6.924951087570612, 7.305770127337099, 7.704974665755081, 8.12036384170439, 8.549327566735082, 8.988890351337758, 9.435777432236494, 9.886500296043355, 10.337456622316523, 10.78503804097092, 11.225738191046332, 11.6562535396372, 12.073570275501602, 12.475032179356608, 12.858386421238498, 13.221806418720957, 13.563892897903443, 13.883655894623129, 14.180481483980882, 14.454087507838143, 14.704472546570065, 14.93186197297113, 15.136654274148285, 15.319370066054901, 15.480605464601776, 15.620990793758455, 15.741155048860758, 15.841696109345873, 15.923156406501022, 15.98600358354085, 16.03061561661305, 16.057269874138658, 16.06613565780722, 16.057269874138658, 16.03061561661305, 15.98600358354085, 15.923156406501022, 15.841696109345873, 15.74115504886076, 15.620990793758455, 15.480605464601778, 15.319370066054901, 15.136654274148285, 14.931861972971133, 14.704472546570065, 14.454087507838143, 14.18048148398088, 13.88365589462313, 13.563892897903445, 13.221806418720954, 12.858386421238492, 12.475032179356607, 12.073570275501599, 11.656253539637198, 11.225738191046332, 10.78503804097092, 10.337456622316525, 9.886500296043357}","{-5.229815021050509*^-15, -5.213735222622587*^-15, -5.187396475415061*^-15, -5.1514656099089355*^-15, -5.106829055032533*^-15, -5.0545565075816456*^-15, -4.995852468684263*^-15, -4.932007313132785*^-15, -4.864355541161808*^-15, -4.794229041811509*^-15, -4.722924690919307*^-15, -4.651673608534332*^-15, -4.581620021535931*^-15, -4.5138070649440536*^-15, -4.44916828492219*^-15, -4.3885269494511825*^-15, -4.33259488876945*^-15, -4.281980562226606*^-15, -4.2371943652011806*^-15, -4.19865842440213*^-15, -4.166717610313328*^-15, -4.141658412689995*^-15, -4.1237773596746144*^-15, -4.1114923251252045*^-15, -4.103555968836785*^-15, -4.111492320108936*^-15, -4.123777357802941*^-15, -4.1416584139258245*^-15, -4.1667176104133714*^-15, -4.198658426640283*^-15, -4.237193928652387*^-15, -4.281980643011175*^-15, -4.3325948889906244*^-15, -4.3885267732740435*^-15, -4.4491683027154525*^-15, -4.513806859281528*^-15, -4.581620012708817*^-15, -4.6516735945597685*^-15, -4.722924690882413*^-15, -4.79422902797415*^-15, -4.864355541232093*^-15, -4.9320076223848645*^-15, -4.995852190559064*^-15, -5.054556660186434*^-15, -5.106829042067541*^-15, -5.1514653401397105*^-15, -5.187396835251578*^-15, -5.21373524568481*^-15, -5.229815020945944*^-15, -5.2352214186877745*^-15, -5.2298147949055446*^-15, -5.213735242667783*^-15, -5.187397052529525*^-15, -5.151465563388912*^-15, -5.106828810446342*^-15, -5.054556192553552*^-15, -4.9958523772253645*^-15, -4.932007157544638*^-15, -4.864355860446072*^-15, -4.7942290983256175*^-15, -4.7229243660972336*^-15, -4.651673691802791*^-15, -4.58162008764031*^-15, -4.513807373560008*^-15, -4.449168704683326*^-15, -4.388526837633248*^-15, -4.332594764449108*^-15, -4.281980702381551*^-15, -4.237194048781631*^-15, -4.1986579685564104*^-15, -4.1667171289737224*^-15, -4.1416596361384434*^-15, -4.123776489473015*^-15, -4.1114917546704184*^-15, -4.103554151278856*^-15, -4.111491743912571*^-15, -4.1237764954132384*^-15, -4.14165963710069*^-15, -4.1667162361634735*^-15, -4.1986579672567905*^-15, -4.237194247815128*^-15, -4.281980052212367*^-15, -4.3325947644876266*^-15, -4.388526837420852*^-15, -4.449168704777806*^-15, -4.5138071840910614*^-15, -4.581620093351852*^-15, -4.651673691892248*^-15, -4.7229243748447354*^-15, -4.7942288831352614*^-15, -4.864355851774054*^-15, -4.93200748038999*^-15, -4.995852703338519*^-15, -5.054556512018496*^-15, -5.106829584390708*^-15, -5.151465378129447*^-15, -5.187397052403086*^-15, -5.21373525229843*^-15, -5.2298147948948034*^-15, -5.235221301766516*^-15}","{-5.229815021050875*^-15, -5.2137352226231994*^-15, -5.187396475416456*^-15, -5.151465609908538*^-15, -5.106829055031094*^-15, -5.054556507580907*^-15, -4.99585246868403*^-15, -4.9320073131324065*^-15, -4.864355541162067*^-15, -4.794229041810562*^-15, -4.722924690919029*^-15, -4.6516736085348875*^-15, -4.581620021537458*^-15, -4.513807064944451*^-15, -4.449168284921508*^-15, -4.388526949451302*^-15, -4.332594888768431*^-15, -4.2819805622266815*^-15, -4.237194365200108*^-15, -4.1986584244023*^-15, -4.166717610312845*^-15, -4.141658412690074*^-15, -4.1237773596729736*^-15, -4.111492325124835*^-15, -4.103555968837129*^-15, -4.111492320107879*^-15, -4.123777357801171*^-15, -4.1416584139260296*^-15, -4.166717610413482*^-15, -4.198658426639844*^-15, -4.237193928651627*^-15, -4.28198064301174*^-15, -4.3325948889910914*^-15, -4.388526773275104*^-15, -4.449168302715074*^-15, -4.513806859281667*^-15, -4.581620012708628*^-15, -4.651673594559289*^-15, -4.722924690882325*^-15, -4.794229027974043*^-15, -4.8643555412317456*^-15, -4.932007622384467*^-15, -4.9958521905602124*^-15, -5.0545566601854246*^-15, -5.106829042068052*^-15, -5.151465340137836*^-15, -5.187396835251464*^-15, -5.213735245685157*^-15, -5.2298150209449595*^-15, -5.235221418686803*^-15, -5.229814794904497*^-15, -5.2137352426680036*^-15, -5.187397052528553*^-15, -5.1514655633892084*^-15, -5.106828810446064*^-15, -5.054556192554107*^-15, -4.9958523772262985*^-15, -4.932007157544531*^-15, -4.86435586044539*^-15, -4.794229098326021*^-15, -4.722924366096375*^-15, -4.651673691802741*^-15, -4.581620087639944*^-15, -4.5138073735599135*^-15, -4.449168704683446*^-15, -4.388526837633036*^-15, -4.332594764449168*^-15, -4.2819807023806356*^-15, -4.237194048779826*^-15, -4.198657968556183*^-15, -4.166717128974215*^-15, -4.1416596361387684*^-15, -4.123776489473195*^-15, -4.111491754669295*^-15, -4.103554151278389*^-15, -4.1114917439120785*^-15, -4.123776495413163*^-15, -4.1416596371012766*^-15, -4.16671623616454*^-15, -4.1986579672566075*^-15, -4.237194247813907*^-15, -4.281980052212465*^-15, -4.3325947644877275*^-15, -4.38852683742147*^-15, -4.44916870477821*^-15, -4.513807184090355*^-15, -4.581620093351013*^-15, -4.651673691893081*^-15, -4.722924374844704*^-15, -4.794228883134195*^-15, -4.864355851775253*^-15, -4.932007480391227*^-15, -4.995852703337989*^-15, -5.05455651201943*^-15, -5.106829584389206*^-15, -5.1514653781284055*^-15, -5.1873970524035215*^-15, -5.213735252297692*^-15, -5.2298147948963875*^-15, -5.235221301765651*^-15}"
1.415,"{10.325829470278638, 10.761208724105888, 11.190073858487567, 11.609289265141033, 12.015983716922996, 12.40761315951002, 12.782003844914065, 13.137374904401849, 13.472341220652835, 13.785898883782828, 14.077396483167366, 14.346495966948872, 14.593126839498481, 14.817437159731075, 15.019744267643182, 15.20048751811914, 15.360184636760925, 15.499392702624927, 15.618674250268208, 15.718568587619185, 15.799568148200324, 15.8620995258144, 15.906508760461152, 15.933050437433138, 15.941880209344944, 15.933050437433138, 15.90650876046115, 15.862099525814399, 15.799568148200324, 15.718568587619185, 15.618674250268208, 15.499392702624926, 15.360184636760925, 15.200487518119138, 15.019744267643182, 14.817437159731075, 14.59312683949848, 14.346495966948872, 14.077396483167366, 13.785898883782828, 13.472341220652835, 13.137374904401847, 12.782003844914067, 12.407613159510017, 12.015983716922994, 11.609289265141028, 11.190073858487565, 10.761208724105886, 10.32582947027864, 9.887256433318313, 9.448902723040817, 9.014175886274709, 8.586379838376047, 8.168623688442478, 7.763743308329729, 7.374240100780754, 7.002239637361233, 6.649470936895924, 6.317265401725557, 6.006573024602118, 5.7179925390376845, 5.451811735714208, 5.208054157406511, 4.986528716147117, 4.78687932993423, 4.608632336420836, 4.451240111397135, 4.314119931139826, 4.196687628127227, 4.098385981235198, 4.01870805408317, 3.9572158598318627, 3.9135548044974717, 3.887464362605424, 3.8787853867921944, 3.887464362605423, 3.9135548044974713, 3.957215859831863, 4.01870805408317, 4.098385981235198, 4.1966876281272265, 4.314119931139826, 4.4512401113971345, 4.608632336420837, 4.78687932993423, 4.986528716147117, 5.208054157406511, 5.451811735714207, 5.7179925390376845, 6.006573024602118, 6.317265401725557, 6.649470936895927, 7.002239637361237, 7.374240100780755, 7.7637433083297305, 8.168623688442484, 8.586379838376049, 9.014175886274707, 9.448902723040817, 9.887256433318312}","{9.448902723040806, 9.014175886274696, 8.586379838376034, 8.168623688442464, 7.763743308329718, 7.374240100780741, 7.002239637361225, 6.649470936895915, 6.317265401725546, 6.006573024602108, 5.717992539037674, 5.451811735714198, 5.2080541574065, 4.986528716147108, 4.786879329934222, 4.608632336420827, 4.451240111397127, 4.314119931139818, 4.1966876281272185, 4.09838598123519, 4.018708054083163, 3.957215859831855, 3.9135548044974633, 3.887464362605416, 3.8787853867921864, 3.8874643626054155, 3.913554804497464, 3.9572158598318556, 4.018708054083163, 4.09838598123519, 4.1966876281272185, 4.314119931139819, 4.451240111397128, 4.608632336420828, 4.786879329934222, 4.986528716147109, 5.208054157406501, 5.451811735714198, 5.717992539037674, 6.006573024602108, 6.317265401725546, 6.649470936895917, 7.002239637361223, 7.374240100780743, 7.76374330832972, 8.16862368844247, 8.586379838376038, 9.0141758862747, 9.448902723040804, 9.887256433318303, 10.325829470278627, 10.761208724105877, 11.190073858487557, 11.609289265141019, 12.015983716922985, 12.407613159510008, 12.782003844914058, 13.137374904401838, 13.472341220652824, 13.785898883782817, 14.077396483167357, 14.346495966948861, 14.59312683949847, 14.817437159731066, 15.019744267643171, 15.20048751811913, 15.360184636760918, 15.499392702624919, 15.618674250268198, 15.718568587619176, 15.799568148200317, 15.86209952581439, 15.906508760461143, 15.933050437433131, 15.941880209344937, 15.93305043743313, 15.906508760461145, 15.862099525814392, 15.799568148200317, 15.718568587619176, 15.6186742502682, 15.499392702624919, 15.360184636760918, 15.200487518119129, 15.019744267643171, 14.817437159731066, 14.59312683949847, 14.346495966948863, 14.077396483167355, 13.785898883782817, 13.472341220652824, 13.137374904401838, 12.782003844914053, 12.407613159510008, 12.015983716922984, 11.609289265141015, 11.190073858487555, 10.761208724105877, 10.325829470278627, 9.887256433318305}","{-1.9688199749213485*^-15, -1.963118459072094*^-15, -1.9537756395776296*^-15, -1.9410230918139955*^-15, -1.925169784144907*^-15, -1.9065884477228216*^-15, -1.8857000960536*^-15, -1.8629578457996677*^-15, -1.838831113524646*^-15, -1.813791083973089*^-15, -1.7882981059548134*^-15, -1.7627914170539667*^-15, -1.7376813437542443*^-15, -1.7133439241973352*^-15, -1.6901177315364679*^-15, -1.6683025857184498*^-15, -1.6481597787760724*^-15, -1.6299134262252334*^-15, -1.6137525863527104*^-15, -1.5998338084440617*^-15, -1.5882838402989135*^-15, -1.5792022542381533*^-15, -1.5726638240426864*^-15, -1.5687204378484315*^-15, -1.5674007533323584*^-15, -1.568720437789876*^-15, -1.5726638244602502*^-15, -1.5792022541369859*^-15, -1.5882838404010237*^-15, -1.5998338082871667*^-15, -1.6137525863396414*^-15, -1.6299134265920143*^-15, -1.6481597787141729*^-15, -1.6683025854819793*^-15, -1.6901177315372134*^-15, -1.7133439241772153*^-15, -1.737681344036094*^-15, -1.7627914169704745*^-15, -1.7882981059775216*^-15, -1.8137910841164928*^-15, -1.838831113689402*^-15, -1.862957845655897*^-15, -1.8857000960149838*^-15, -1.9065884477205158*^-15, -1.9251697841278966*^-15, -1.9410230918368204*^-15, -1.9537756397787647*^-15, -1.963118459384323*^-15, -1.9688199749038113*^-15, -1.9707366848727417*^-15, -1.9688199748191555*^-15, -1.9631184591248516*^-15, -1.9537756398062983*^-15, -1.9410230918733746*^-15, -1.9251697841946698*^-15, -1.9065884477400496*^-15, -1.8857000960878524*^-15, -1.8629578458288185*^-15, -1.8388311134469638*^-15, -1.813791083984768*^-15, -1.7882981061735985*^-15, -1.7627914170611612*^-15, -1.7376813436727739*^-15, -1.7133439244961842*^-15, -1.690117731535347*^-15, -1.6683025855451686*^-15, -1.6481597786133186*^-15, -1.6299134265756785*^-15, -1.613752585801168*^-15, -1.5998338085498472*^-15, -1.5882838404852859*^-15, -1.5792022544268638*^-15, -1.5726638239468919*^-15, -1.568720437570287*^-15, -1.5674007526902232*^-15, -1.5687204378844714*^-15, -1.5726638244519285*^-15, -1.5792022544739328*^-15, -1.5882838402104515*^-15, -1.599833808636113*^-15, -1.6137525858736983*^-15, -1.6299134265837178*^-15, -1.6481597785460366*^-15, -1.6683025856751453*^-15, -1.690117731495033*^-15, -1.7133439242524632*^-15, -1.7376813440443155*^-15, -1.7627914169961985*^-15, -1.7882981059103745*^-15, -1.8137910839409555*^-15, -1.8388311137272705*^-15, -1.8629578457972814*^-15, -1.885700096126109*^-15, -1.906588447864472*^-15, -1.925169784118585*^-15, -1.9410230919142266*^-15, -1.9537756398312697*^-15, -1.9631184589500598*^-15, -1.9688199748299566*^-15, -1.9707366849914077*^-15}","{-1.96881997492129*^-15, -1.963118459072457*^-15, -1.953775639577741*^-15, -1.9410230918136973*^-15, -1.925169784144487*^-15, -1.9065884477232902*^-15, -1.885700096054075*^-15, -1.8629578457995423*^-15, -1.8388311135245774*^-15, -1.8137910839728*^-15, -1.7882981059548158*^-15, -1.7627914170539636*^-15, -1.7376813437544242*^-15, -1.7133439241971017*^-15, -1.6901177315365846*^-15, -1.6683025857183346*^-15, -1.648159778775831*^-15, -1.6299134262252294*^-15, -1.6137525863525842*^-15, -1.5998338084438503*^-15, -1.5882838402987566*^-15, -1.5792022542379703*^-15, -1.572663824042583*^-15, -1.5687204378489955*^-15, -1.5674007533325871*^-15, -1.568720437790223*^-15, -1.5726638244601863*^-15, -1.5792022541371042*^-15, -1.5882838404011057*^-15, -1.5998338082869017*^-15, -1.6137525863395775*^-15, -1.6299134265918312*^-15, -1.6481597787140482*^-15, -1.668302585481741*^-15, -1.6901177315370832*^-15, -1.7133439241768051*^-15, -1.7376813440362092*^-15, -1.7627914169701755*^-15, -1.7882981059777022*^-15, -1.813791084116667*^-15, -1.8388311136892166*^-15, -1.8629578456558386*^-15, -1.8857000960146935*^-15, -1.9065884477210467*^-15, -1.9251697841279503*^-15, -1.941023091836337*^-15, -1.9537756397791165*^-15, -1.9631184593845044*^-15, -1.9688199749032812*^-15, -1.9707366848727993*^-15, -1.968819974819269*^-15, -1.963118459125268*^-15, -1.9537756398068884*^-15, -1.94102309187325*^-15, -1.925169784193962*^-15, -1.9065884477399233*^-15, -1.885700096088142*^-15, -1.8629578458286986*^-15, -1.8388311134470837*^-15, -1.8137910839844035*^-15, -1.7882981061737744*^-15, -1.7627914170614554*^-15, -1.7376813436727644*^-15, -1.713343924496297*^-15, -1.6901177315352783*^-15, -1.6683025855452246*^-15, -1.6481597786137359*^-15, -1.6299134265756241*^-15, -1.6137525858018757*^-15, -1.5998338085496318*^-15, -1.5882838404853111*^-15, -1.5792022544269538*^-15, -1.572663823946921*^-15, -1.5687204375702207*^-15, -1.5674007526908117*^-15, -1.5687204378839476*^-15, -1.5726638244520745*^-15, -1.5792022544743438*^-15, -1.5882838402106558*^-15, -1.5998338086359332*^-15, -1.6137525858736376*^-15, -1.629913426583762*^-15, -1.648159778546095*^-15, -1.6683025856752723*^-15, -1.690117731495197*^-15, -1.713343924252763*^-15, -1.7376813440441956*^-15, -1.7627914169966686*^-15, -1.7882981059098925*^-15, -1.8137910839405965*^-15, -1.8388311137277407*^-15, -1.862957845797219*^-15, -1.8857000961259757*^-15, -1.9065884478646375*^-15, -1.925169784118697*^-15, -1.9410230919142195*^-15, -1.9537756398307917*^-15, -1.9631184589497576*^-15, -1.9688199748297775*^-15, -1.9707366849914747*^-15}"
1.454,"{10.31480063397066, 10.738621811698208, 11.15626279659881, 11.564741393725278, 11.961317436571155, 12.343551003542627, 12.709343057782254, 13.056957594159359, 13.385025929668622, 13.692535048658428, 13.978802803724975, 14.243443243689264, 14.486325423731158, 14.707528826064992, 14.907298080532806, 15.085999122162455, 15.244078342545016, 15.382025748051689, 15.500342671639665, 15.599514216817804, 15.679986346646162, 15.742147360828938, 15.786313417127204, 15.81271773394348, 15.821503143373901, 15.81271773394348, 15.786313417127204, 15.742147360828938, 15.67998634664616, 15.599514216817804, 15.500342671639665, 15.382025748051687, 15.244078342545016, 15.085999122162454, 14.907298080532806, 14.70752882606499, 14.486325423731158, 14.243443243689264, 13.978802803724976, 13.692535048658428, 13.385025929668622, 13.056957594159359, 12.709343057782256, 12.343551003542624, 11.961317436571155, 11.564741393725276, 11.15626279659881, 10.738621811698204, 10.314800633970663, 9.887950261104661, 9.461306351913372, 9.038099432840452, 8.621465343916093, 8.21436179447211, 7.8194962325214785, 7.4392690300456765, 7.075734441459904, 6.730580135535747, 6.405124555447173, 6.100330103242276, 5.816829278822197, 5.554960458635883, 5.314809940455362, 5.0962571286939475, 4.899020190289058, 4.722700074731927, 4.566821378238911, 4.430869077900645, 4.314320626738818, 4.216673265463821, 4.137466667895885, 4.076301201819206, 4.032852168901239, 4.006880402065193, 3.998239562138261, 4.006880402065193, 4.032852168901239, 4.076301201819206, 4.137466667895886, 4.216673265463821, 4.314320626738818, 4.430869077900648, 4.566821378238911, 4.722700074731928, 4.8990201902890576, 5.0962571286939475, 5.314809940455362, 5.5549604586358825, 5.816829278822198, 6.100330103242276, 6.405124555447174, 6.730580135535749, 7.075734441459908, 7.439269030045679, 7.819496232521479, 8.214361794472115, 8.621465343916093, 9.038099432840452, 9.461306351913372, 9.887950261104661}","{9.461306351913345, 9.038099432840427, 8.621465343916068, 8.214361794472083, 7.819496232521452, 7.439269030045649, 7.0757344414598835, 6.730580135535723, 6.405124555447151, 6.1003301032422526, 5.816829278822175, 5.554960458635862, 5.3148099404553415, 5.096257128693928, 4.899020190289037, 4.7227000747319074, 4.566821378238892, 4.430869077900628, 4.314320626738799, 4.216673265463803, 4.137466667895867, 4.076301201819188, 4.032852168901222, 4.006880402065177, 3.9982395621382447, 4.0068804020651765, 4.032852168901221, 4.076301201819188, 4.137466667895869, 4.216673265463803, 4.314320626738799, 4.430869077900629, 4.566821378238892, 4.722700074731908, 4.899020190289039, 5.096257128693928, 5.3148099404553415, 5.554960458635862, 5.816829278822174, 6.1003301032422526, 6.40512455544715, 6.730580135535724, 7.075734441459882, 7.4392690300456525, 7.819496232521452, 8.214361794472087, 8.621465343916068, 9.038099432840431, 9.461306351913345, 9.887950261104635, 10.314800633970636, 10.738621811698183, 11.156262796598785, 11.564741393725251, 11.961317436571129, 12.3435510035426, 12.709343057782233, 13.056957594159334, 13.385025929668599, 13.692535048658405, 13.978802803724955, 14.243443243689244, 14.486325423731138, 14.707528826064973, 14.907298080532787, 15.085999122162436, 15.244078342544999, 15.38202574805167, 15.500342671639647, 15.599514216817784, 15.679986346646144, 15.74214736082892, 15.786313417127186, 15.812717733943463, 15.821503143373885, 15.812717733943463, 15.786313417127188, 15.742147360828918, 15.679986346646142, 15.599514216817784, 15.500342671639645, 15.382025748051667, 15.244078342544997, 15.085999122162434, 14.907298080532787, 14.707528826064971, 14.486325423731138, 14.243443243689244, 13.978802803724953, 13.692535048658405, 13.385025929668597, 13.056957594159332, 12.70934305778223, 12.343551003542597, 11.961317436571127, 11.564741393725248, 11.156262796598785, 10.738621811698183, 10.314800633970634, 9.887950261104635}","{-9.662606523704544*^-14, -9.635911550335406*^-14, -9.592153668376331*^-14, -9.532397888724049*^-14, -9.458067276631313*^-14, -9.370881784814426*^-14, -9.272788795323484*^-14, -9.165889893042882*^-14, -9.052369130091744*^-14, -8.934426420229351*^-14, -8.814219308596321*^-14, -8.693814881195112*^-14, -8.575152579676207*^-14, -8.460017927482671*^-14, -8.350026325757496*^-14, -8.246615311812936*^-14, -8.151043972612218*^-14, -8.064397748736908*^-14, -7.987596858150694*^-14, -7.921406999718758*^-14, -7.866450941873558*^-14, -7.823219816429308*^-14, -7.792084011068033*^-14, -7.773305407172498*^-14, -7.767033587480568*^-14, -7.773305407151879*^-14, -7.792084011063822*^-14, -7.823219816229495*^-14, -7.866450925598189*^-14, -7.921406999581604*^-14, -7.987596857854683*^-14, -8.06439773961348*^-14, -8.151043965955474*^-14, -8.246615304529314*^-14, -8.350026328314728*^-14, -8.460017940195802*^-14, -8.57515258050877*^-14, -8.693814885628596*^-14, -8.814219316058082*^-14, -8.93442642023334*^-14, -9.052369124807815*^-14, -9.165889897173534*^-14, -9.272788803570036*^-14, -9.370881800321276*^-14, -9.458067272514908*^-14, -9.532397867439082*^-14, -9.592153653907476*^-14, -9.635911557889377*^-14, -9.662606537977237*^-14, -9.67157927833501*^-14, -9.66260652787908*^-14, -9.635911542604903*^-14, -9.592153636015545*^-14, -9.53239788320281*^-14, -9.458067258556892*^-14, -9.370881803162609*^-14, -9.272788806178331*^-14, -9.165889911689726*^-14, -9.052369105654232*^-14, -8.934426416233984*^-14, -8.814219315340267*^-14, -8.693814895606007*^-14, -8.57515256938837*^-14, -8.460017932480328*^-14, -8.350026342538715*^-14, -8.246615316798532*^-14, -8.151043949217557*^-14, -8.064397739156259*^-14, -7.987596873922399*^-14, -7.921407012482678*^-14, -7.866450920704368*^-14, -7.823219821609632*^-14, -7.79208401957108*^-14, -7.773305407430558*^-14, -7.767033574595599*^-14, -7.77330540749297*^-14, -7.792084019627403*^-14, -7.823219821828327*^-14, -7.866450921851672*^-14, -7.921407012797763*^-14, -7.987596873324414*^-14, -8.064397748683957*^-14, -8.151043982705336*^-14, -8.246615306191854*^-14, -8.350026321848815*^-14, -8.460017932197535*^-14, -8.575152573519805*^-14, -8.693814903461578*^-14, -8.814219330436777*^-14, -8.934426416420786*^-14, -9.052369116390586*^-14, -9.16588988526494*^-14, -9.272788798562968*^-14, -9.37088180337931*^-14, -9.45806728570437*^-14, -9.532397890583509*^-14, -9.592153648594386*^-14, -9.635911542390635*^-14, -9.662606543700434*^-14, -9.67157927817746*^-14}","{-9.662606523707705*^-14, -9.635911550335447*^-14, -9.592153668376715*^-14, -9.532397888722655*^-14, -9.458067276634797*^-14, -9.370881784814063*^-14, -9.272788795321232*^-14, -9.165889893041922*^-14, -9.05236913009436*^-14, -8.934426420230825*^-14, -8.814219308594857*^-14, -8.693814881196141*^-14, -8.575152579677641*^-14, -8.4600179274836*^-14, -8.350026325757748*^-14, -8.246615311811356*^-14, -8.151043972610214*^-14, -8.064397748739705*^-14, -7.98759685814983*^-14, -7.921406999719777*^-14, -7.866450941876405*^-14, -7.823219816431004*^-14, -7.792084011068876*^-14, -7.773305407171912*^-14, -7.767033587481583*^-14, -7.773305407152485*^-14, -7.792084011066109*^-14, -7.823219816228389*^-14, -7.866450925599693*^-14, -7.921406999582614*^-14, -7.987596857856778*^-14, -8.064397739614389*^-14, -8.151043965955969*^-14, -8.2466153045294*^-14, -8.350026328312784*^-14, -8.460017940195483*^-14, -8.57515258050985*^-14, -8.693814885629313*^-14, -8.814219316060516*^-14, -8.934426420234622*^-14, -9.052369124808714*^-14, -9.1658898971721*^-14, -9.272788803571319*^-14, -9.37088180031962*^-14, -9.458067272513343*^-14, -9.532397867437467*^-14, -9.592153653906658*^-14, -9.635911557889326*^-14, -9.662606537980074*^-14, -9.671579278335848*^-14, -9.662606527880433*^-14, -9.635911542603378*^-14, -9.592153636013748*^-14, -9.532397883205708*^-14, -9.458067258556256*^-14, -9.370881803161135*^-14, -9.272788806178129*^-14, -9.165889911689776*^-14, -9.052369105652424*^-14, -8.93442641623562*^-14, -8.81421931534059*^-14, -8.693814895607684*^-14, -8.57515256938933*^-14, -8.460017932482231*^-14, -8.35002634253708*^-14, -8.24661531679723*^-14, -8.151043949216552*^-14, -8.06439773915692*^-14, -7.987596873923974*^-14, -7.921407012484526*^-14, -7.86645092070668*^-14, -7.823219821607835*^-14, -7.792084019572327*^-14, -7.77330540743023*^-14, -7.76703357459567*^-14, -7.773305407494237*^-14, -7.792084019628978*^-14, -7.823219821829216*^-14, -7.866450921854323*^-14, -7.921407012800005*^-14, -7.98759687332756*^-14, -8.06439774868585*^-14, -8.151043982704831*^-14, -8.246615306191854*^-14, -8.350026321849042*^-14, -8.460017932197004*^-14, -8.575152573519891*^-14, -8.69381490346283*^-14, -8.814219330436505*^-14, -8.934426416422897*^-14, -9.052369116391394*^-14, -9.165889885265142*^-14, -9.27278879856209*^-14, -9.370881803378138*^-14, -9.458067285706975*^-14, -9.532397890581873*^-14, -9.592153648594254*^-14, -9.635911542390706*^-14, -9.662606543701999*^-14, -9.671579278176955*^-14}"
1.4929999999999999,"{10.30432543536303, 10.717183209936113, 11.124165426865057, 11.522430431987324, 11.909358804983144, 12.28260744541798, 12.640147884633848, 12.980287909522227, 13.301676956827755, 13.603296880561118, 13.884440512383945, 14.144680890937094, 14.38383415241514, 14.601918912451042, 14.799114610424965, 14.975720816702527, 15.132118996415244, 15.268737738594389, 15.386022035827372, 15.484406858242577, 15.564295013177738, 15.626039114708421, 15.669927395398776, 15.696173063269644, 15.704906926441632, 15.696173063269644, 15.669927395398775, 15.626039114708421, 15.564295013177738, 15.484406858242577, 15.386022035827374, 15.268737738594387, 15.132118996415242, 14.975720816702525, 14.799114610424963, 14.60191891245104, 14.38383415241514, 14.144680890937094, 13.884440512383945, 13.603296880561118, 13.301676956827755, 12.980287909522225, 12.64014788463385, 12.28260744541798, 11.909358804983144, 11.522430431987322, 11.124165426865057, 10.71718320993611, 10.30432543536303, 9.888588490732232, 9.473046269087108, 9.060767913815633, 8.654735778404001, 8.257768824770501, 7.8724561081610585, 7.50110395582218, 7.145699102502475, 6.807888594334098, 6.48897590521657, 6.189931579889625, 5.9114159203817165, 5.6538107987135815, 5.417257584271134, 5.201698355696305, 5.006917941258805, 4.832584812896544, 4.67828937223239, 4.543578654127591, 4.427986896492526, 4.331061763914102, 4.252386261353515, 4.191596537017025, 4.148395860893922, 4.122565090612757, 4.113969912961147, 4.122565090612757, 4.148395860893921, 4.191596537017024, 4.252386261353517, 4.3310617639141045, 4.427986896492526, 4.543578654127594, 4.678289372232391, 4.832584812896545, 5.006917941258804, 5.201698355696305, 5.417257584271133, 5.6538107987135815, 5.9114159203817165, 6.189931579889624, 6.48897590521657, 6.807888594334099, 7.14569910250248, 7.501103955822182, 7.87245610816106, 8.257768824770505, 8.654735778404003, 9.060767913815633, 9.473046269087108, 9.88858849073223}","{9.473046269087094, 9.060767913815619, 8.654735778403987, 8.257768824770485, 7.872456108161045, 7.501103955822165, 7.145699102502466, 6.807888594334085, 6.488975905216556, 6.1899315798896115, 5.911415920381705, 5.65381079871357, 5.4172575842711215, 5.201698355696294, 5.006917941258793, 4.832584812896533, 4.6782893722323795, 4.543578654127581, 4.427986896492516, 4.331061763914094, 4.252386261353507, 4.1915965370170145, 4.148395860893911, 4.122565090612747, 4.113969912961136, 4.122565090612747, 4.1483958608939115, 4.1915965370170145, 4.252386261353507, 4.331061763914094, 4.427986896492516, 4.543578654127582, 4.67828937223238, 4.832584812896534, 5.006917941258794, 5.201698355696294, 5.4172575842711215, 5.65381079871357, 5.911415920381705, 6.189931579889611, 6.488975905216557, 6.807888594334087, 7.145699102502465, 7.501103955822167, 7.872456108161045, 8.257768824770487, 8.654735778403989, 9.06076791381562, 9.473046269087094, 9.888588490732216, 10.304325435363014, 10.717183209936099, 11.124165426865044, 11.522430431987308, 11.909358804983132, 12.282607445417966, 12.640147884633837, 12.980287909522215, 13.301676956827743, 13.603296880561103, 13.884440512383932, 14.144680890937082, 14.383834152415128, 14.60191891245103, 14.799114610424951, 14.975720816702516, 15.132118996415231, 15.268737738594377, 15.386022035827363, 15.48440685824257, 15.56429501317773, 15.62603911470841, 15.669927395398764, 15.696173063269633, 15.704906926441621, 15.696173063269633, 15.669927395398764, 15.626039114708412, 15.564295013177727, 15.484406858242567, 15.386022035827361, 15.268737738594375, 15.132118996415231, 14.975720816702516, 14.799114610424954, 14.60191891245103, 14.383834152415128, 14.144680890937083, 13.884440512383932, 13.603296880561105, 13.301676956827743, 12.980287909522213, 12.640147884633832, 12.282607445417964, 11.90935880498313, 11.522430431987305, 11.124165426865043, 10.717183209936099, 10.304325435363014, 9.888588490732218}","{3.924189781123881*^-19, 3.913975615832953*^-19, 3.897227302008435*^-19, 3.87434489621454*^-19, 3.845863673136927*^-19, 3.812431894166288*^-19, 3.774785248151191*^-19, 3.7337199825607474*^-19, 3.6900661286607605*^-19, 3.6446629256745654*^-19, 3.598336480659764*^-19, 3.5518816420095285*^-19, 3.506047527426189*^-19, 3.461527022639775*^-19, 3.418950008402607*^-19, 3.3788798453725855*^-19, 3.341812487946325*^-19, 3.3081775785573574*^-19, 3.2783412926756224*^-19, 3.2526096917830607*^-19, 3.2312329231932385*^-19, 3.2144090956476598*^-19, 3.20228793725115*^-19, 3.1949740468175134*^-19, 3.1925292862495396*^-19, 3.194974004324627*^-19, 3.202287878726114*^-19, 3.2144090402001367*^-19, 3.231232921789559*^-19, 3.252609691796465*^-19, 3.2783413066254873*^-19, 3.308177564397366*^-19, 3.3418124601166065*^-19, 3.378879829187101*^-19, 3.4189500366924535*^-19, 3.461527020507817*^-19, 3.5060475279031107*^-19, 3.551881644403259*^-19, 3.5983364661793284*^-19, 3.644662898279583*^-19, 3.6900661273923893*^-19, 3.733719969027623*^-19, 3.774785217881797*^-19, 3.8124318664029756*^-19, 3.84586370199198*^-19, 3.87434492772297*^-19, 3.897227328445814*^-19, 3.913975644486446*^-19, 3.924189778223523*^-19, 3.9276224161681703*^-19, 3.924189809157255*^-19, 3.91397561656456*^-19, 3.897227329388195*^-19, 3.874344898639702*^-19, 3.8458637156112937*^-19, 3.8124318969797174*^-19, 3.7747852626876174*^-19, 3.733719983067375*^-19, 3.6900661121191485*^-19, 3.644662898262604*^-19, 3.598336483028319*^-19, 3.5518816581624416*^-19, 3.506047541887519*^-19, 3.461526995179527*^-19, 3.418950035389169*^-19, 3.3788798890841387*^-19, 3.3418124170855076*^-19, 3.3081775652458535*^-19, 3.2783412913501204*^-19, 3.252609707147945*^-19, 3.231232923607791*^-19, 3.2144090691572483*^-19, 3.202287836454078*^-19, 3.194974091097262*^-19, 3.1925292584144593*^-19, 3.19497400516196*^-19, 3.202287924909976*^-19, 3.2144090398382467*^-19, 3.2312329522844873*^-19, 3.2526096773682917*^-19, 3.278341263636358*^-19, 3.308177536442046*^-19, 3.341812416677272*^-19, 3.378879802392824*^-19, 3.418950034206124*^-19, 3.461527079736788*^-19, 3.5060475419237266*^-19, 3.551881658075328*^-19, 3.598336480311402*^-19, 3.6446628995839154*^-19, 3.6900661148392396*^-19, 3.733719925549585*^-19, 3.774785232909967*^-19, 3.8124318938559514*^-19, 3.8458637436246073*^-19, 3.874344925761541*^-19, 3.8972273282044413*^-19, 3.9139756452172823*^-19, 3.92418980916425*^-19, 3.927622385409282*^-19}","{3.924189781124189*^-19, 3.913975615833138*^-19, 3.8972273020080346*^-19, 3.8743448962148484*^-19, 3.845863673136927*^-19, 3.8124318941662264*^-19, 3.7747852481513145*^-19, 3.7337199825612404*^-19, 3.6900661286611303*^-19, 3.644662925674781*^-19, 3.598336480659394*^-19, 3.5518816420095593*^-19, 3.506047527426127*^-19, 3.4615270226393746*^-19, 3.4189500084025456*^-19, 3.378879845372524*^-19, 3.3418124879462634*^-19, 3.308177578557111*^-19, 3.278341292675376*^-19, 3.2526096917830607*^-19, 3.2312329231928995*^-19, 3.2144090956473824*^-19, 3.202287937251335*^-19, 3.1949740468176366*^-19, 3.192529286249817*^-19, 3.1949740043249044*^-19, 3.2022878787262683*^-19, 3.214409040200044*^-19, 3.231232921789405*^-19, 3.2526096917966192*^-19, 3.2783413066254565*^-19, 3.308177564397335*^-19, 3.3418124601167606*^-19, 3.3788798291872244*^-19, 3.4189500366922686*^-19, 3.4615270205083717*^-19, 3.5060475279028025*^-19, 3.551881644403413*^-19, 3.598336466179082*^-19, 3.6446628982797065*^-19, 3.690066127392297*^-19, 3.733719969027623*^-19, 3.7747852178821053*^-19, 3.8124318664033454*^-19, 3.845863701991672*^-19, 3.874344927722939*^-19, 3.897227328446215*^-19, 3.9139756444868464*^-19, 3.9241897782233997*^-19, 3.9276224161679854*^-19, 3.9241898091576864*^-19, 3.913975616564591*^-19, 3.8972273293886263*^-19, 3.8743448986396404*^-19, 3.8458637156108315*^-19, 3.812431896979964*^-19, 3.7747852626882645*^-19, 3.733719983067806*^-19, 3.6900661121195183*^-19, 3.644662898262173*^-19, 3.5983364830289043*^-19, 3.5518816581625957*^-19, 3.50604754188755*^-19, 3.4615269951794963*^-19, 3.4189500353890766*^-19, 3.3788798890842927*^-19, 3.341812417085446*^-19, 3.3081775652456994*^-19, 3.278341291350151*^-19, 3.2526097071483147*^-19, 3.2312329236076986*^-19, 3.2144090691572175*^-19, 3.2022878364543555*^-19, 3.1949740910970464*^-19, 3.1925292584139046*^-19, 3.1949740051618365*^-19, 3.202287924910161*^-19, 3.214409039837877*^-19, 3.231232952284672*^-19, 3.252609677368723*^-19, 3.278341263636235*^-19, 3.3081775364421075*^-19, 3.3418124166772104*^-19, 3.378879802392886*^-19, 3.41895003420634*^-19, 3.46152707973648*^-19, 3.506047541923819*^-19, 3.551881658075636*^-19, 3.598336480311525*^-19, 3.6446628995844085*^-19, 3.690066114839147*^-19, 3.7337199255492767*^-19, 3.774785232909998*^-19, 3.812431893856383*^-19, 3.8458637436243916*^-19, 3.8743449257617877*^-19, 3.8972273282050576*^-19, 3.913975645217498*^-19, 3.92418980916462*^-19, 3.9276223854093434*^-19}"
1.532,"{10.294363495775746, 10.696808026552171, 11.093655716364992, 11.482193996742248, 11.859914938674539, 12.224565601842727, 12.574184177390316, 12.907121023701794, 13.222044912588258, 13.517935831890062, 13.794066441428704, 14.049974717667313, 14.28543046182239, 14.500398235396327, 14.694998994644955, 14.869472294523614, 15.024140489641372, 15.15937592760896, 15.275571745626035, 15.373116565394247, 15.452373142683955, 15.513660864814804, 15.557241894503607, 15.58331072130739, 15.59198689042668, 15.58331072130739, 15.557241894503607, 15.513660864814804, 15.452373142683955, 15.373116565394248, 15.275571745626035, 15.159375927608957, 15.02414048964137, 14.869472294523614, 14.694998994644953, 14.500398235396327, 14.28543046182239, 14.049974717667311, 13.794066441428706, 13.51793583189006, 13.222044912588258, 12.907121023701793, 12.574184177390318, 12.224565601842725, 11.859914938674539, 11.482193996742245, 11.09365571636499, 10.69680802655217, 10.294363495775746, 9.889176948152643, 9.484174376472517, 9.082277365417177, 8.68632770837061, 8.299016885209527, 7.922824568495357, 7.559969419569605, 7.212374261101971, 6.881646435764794, 6.569072946679384, 6.275628958358357, 6.001997502889501, 5.748597817092466, 5.51561961631651, 5.303060738556325, 5.110765898903889, 4.938464705315552, 4.785807535830906, 4.65239831228379, 4.5378235901513095, 4.441677698073978, 4.363583896238099, 4.303211682140968, 4.260290463133111, 4.234619848523149, 4.226076801917213, 4.234619848523149, 4.26029046313311, 4.303211682140968, 4.363583896238101, 4.4416776980739785, 4.537823590151311, 4.652398312283791, 4.785807535830908, 4.938464705315552, 5.11076589890389, 5.303060738556325, 5.515619616316509, 5.748597817092466, 6.001997502889503, 6.275628958358356, 6.569072946679385, 6.8816464357647975, 7.212374261101972, 7.559969419569607, 7.9228245684953595, 8.29901688520953, 8.686327708370612, 9.082277365417175, 9.484174376472515, 9.889176948152642}","{9.484174376472499, 9.08227736541716, 8.686327708370596, 8.29901688520951, 7.922824568495341, 7.559969419569588, 7.212374261101957, 6.881646435764781, 6.56907294667937, 6.275628958358342, 6.0019975028894885, 5.748597817092451, 5.515619616316496, 5.3030607385563115, 5.110765898903876, 4.93846470531554, 4.785807535830894, 4.652398312283777, 4.537823590151299, 4.441677698073966, 4.363583896238088, 4.303211682140956, 4.260290463133098, 4.234619848523137, 4.2260768019172, 4.234619848523137, 4.2602904631330984, 4.303211682140957, 4.363583896238089, 4.441677698073966, 4.537823590151299, 4.652398312283778, 4.785807535830895, 4.938464705315539, 5.1107658989038764, 5.303060738556311, 5.515619616316496, 5.7485978170924525, 6.001997502889488, 6.275628958358343, 6.569072946679369, 6.8816464357647815, 7.212374261101955, 7.55996941956959, 7.922824568495341, 8.299016885209513, 8.686327708370598, 9.082277365417161, 9.484174376472499, 9.889176948152626, 10.294363495775729, 10.696808026552153, 11.09365571636498, 11.48219399674223, 11.859914938674521, 12.224565601842711, 12.574184177390302, 12.907121023701782, 13.222044912588244, 13.517935831890048, 13.794066441428692, 14.049974717667299, 14.285430461822376, 14.500398235396313, 14.694998994644939, 14.869472294523602, 15.024140489641358, 15.159375927608947, 15.275571745626024, 15.373116565394236, 15.452373142683944, 15.513660864814792, 15.557241894503594, 15.58331072130738, 15.59198689042667, 15.583310721307377, 15.557241894503596, 15.513660864814792, 15.452373142683943, 15.373116565394236, 15.275571745626022, 15.159375927608945, 15.024140489641358, 14.869472294523602, 14.694998994644939, 14.500398235396315, 14.285430461822378, 14.049974717667299, 13.79406644142869, 13.517935831890048, 13.222044912588242, 12.907121023701778, 12.574184177390302, 12.224565601842707, 11.859914938674521, 11.482193996742227, 11.093655716364978, 10.696808026552157, 10.294363495775729, 9.889176948152627}","{-2.6672849360797785*^-12, -2.6608119471709185*^-12, -2.650194698767628*^-12, -2.635681967580703*^-12, -2.6176070698918064*^-12, -2.5963746363731127*^-12, -2.572444848125872*^-12, -2.546317212307763*^-12, -2.518514105507782*^-12, -2.489565564579807*^-12, -2.4599954351384525*^-12, -2.4303097940588038*^-12, -2.400987750467825*^-12, -2.3724745547367683*^-12, -2.3451768773751253*^-12, -2.3194602800135846*^-12, -2.2956481946995522*^-12, -2.2740222092405486*^-12, -2.254823515308775*^-12, -2.2382546355603175*^-12, -2.2244818303609815*^-12, -2.213637238292314*^-12, -2.205821125085292*^-12, -2.2011037083575907*^-12, -2.199526725321851*^-12, -2.2011036962575927*^-12, -2.205821135051991*^-12, -2.213637253290753*^-12, -2.224481828540357*^-12, -2.238254631092715*^-12, -2.2548235188937756*^-12, -2.2740222117692398*^-12, -2.2956481837600886*^-12, -2.3194602957209172*^-12, -2.345176875991252*^-12, -2.372474548465085*^-12, -2.4009877657888642*^-12, -2.4303097971797562*^-12, -2.459995439213144*^-12, -2.489565595452669*^-12, -2.5185141117976634*^-12, -2.546317189371699*^-12, -2.5724448393544487*^-12, -2.596374634396151*^-12, -2.6176070674234995*^-12, -2.6356819495200416*^-12, -2.6501946940245744*^-12, -2.660811968603168*^-12, -2.66728492672023*^-12, -2.669459926159681*^-12, -2.66728494218189*^-12, -2.6608119719251255*^-12, -2.650194717261732*^-12, -2.635681925138066*^-12, -2.617607059658755*^-12, -2.5963746302486674*^-12, -2.572444859529384*^-12, -2.546317198509563*^-12, -2.5185141311297015*^-12, -2.4895655839738835*^-12, -2.4599954305591806*^-12, -2.430309800644816*^-12, -2.4009877842837955*^-12, -2.3724745684224715*^-12, -2.34517686799986*^-12, -2.3194602810748573*^-12, -2.295648188754605*^-12, -2.2740222273491866*^-12, -2.254823513618845*^-12, -2.238254645061314*^-12, -2.2244818275138258*^-12, -2.2136372194102622*^-12, -2.205821142561964*^-12, -2.201103722789411*^-12, -2.1995267325282485*^-12, -2.201103723019367*^-12, -2.205821145676299*^-12, -2.2136372337246227*^-12, -2.2244818191758452*^-12, -2.238254639491907*^-12, -2.2548235077996293*^-12, -2.2740222484977133*^-12, -2.2956481837451994*^-12, -2.319460278677688*^-12, -2.345176874521352*^-12, -2.372474563157467*^-12, -2.4009877729654832*^-12, -2.430309800586086*^-12, -2.4599954327148133*^-12, -2.48956558878063*^-12, -2.5185141075939315*^-12, -2.5463172066084885*^-12, -2.572444860345811*^-12, -2.596374647421764*^-12, -2.617607086698462*^-12, -2.6356819709125866*^-12, -2.650194702344357*^-12, -2.660811956291412*^-12, -2.6672849380501227*^-12, -2.669459935255359*^-12}","{-2.6672849360756426*^-12, -2.660811947168437*^-12, -2.6501946987684552*^-12, -2.6356819675823575*^-12, -2.6176070698827074*^-12, -2.596374636383039*^-12, -2.5724448481283535*^-12, -2.546317212303627*^-12, -2.5185141055094364*^-12, -2.4895655645831156*^-12, -2.459995435135971*^-12, -2.430309794055495*^-12, -2.400987750468652*^-12, -2.3724745547375955*^-12, -2.345176877374298*^-12, -2.3194602800144117*^-12, -2.2956481947020338*^-12, -2.274022209241376*^-12, -2.254823515313738*^-12, -2.238254635558663*^-12, -2.2244818303568455*^-12, -2.2136372382939684*^-12, -2.2058211250844647*^-12, -2.2011037083575907*^-12, -2.199526725317715*^-12, -2.201103696259247*^-12, -2.2058211350495096*^-12, -2.2136372532882714*^-12, -2.2244818285436656*^-12, -2.2382546310902335*^-12, -2.2548235188896397*^-12, -2.274022211774203*^-12, -2.2956481837600886*^-12, -2.3194602957209172*^-12, -2.345176875996215*^-12, -2.3724745484626033*^-12, -2.400987765792173*^-12, -2.430309797183065*^-12, -2.4599954392181073*^-12, -2.489565595448533*^-12, -2.518514111800972*^-12, -2.5463171893741804*^-12, -2.572444839355276*^-12, -2.5963746343944966*^-12, -2.6176070674201908*^-12, -2.6356819495192144*^-12, -2.650194694017957*^-12, -2.660811968598205*^-12, -2.66728492672023*^-12, -2.669459926158854*^-12, -2.6672849421860258*^-12, -2.6608119719209896*^-12, -2.6501947172592506*^-12, -2.6356819251397203*^-12, -2.6176070596604094*^-12, -2.5963746302503218*^-12, -2.572444859530211*^-12, -2.5463171985070816*^-12, -2.5185141311346645*^-12, -2.489565583972229*^-12, -2.4599954305533903*^-12, -2.4303098006472974*^-12, -2.400987784282141*^-12, -2.3724745684175084*^-12, -2.3451768679973787*^-12, -2.3194602810715486*^-12, -2.2956481887521236*^-12, -2.2740222273582856*^-12, -2.2548235136171905*^-12, -2.2382546450646228*^-12, -2.2244818275121714*^-12, -2.213637219413571*^-12, -2.205821142567754*^-12, -2.201103722790238*^-12, -2.199526732529903*^-12, -2.2011037230201942*^-12, -2.205821145676299*^-12, -2.2136372337328946*^-12, -2.2244818191808083*^-12, -2.2382546394943885*^-12, -2.2548235077996293*^-12, -2.2740222484927502*^-12, -2.295648183748508*^-12, -2.3194602786710704*^-12, -2.3451768745188706*^-12, -2.3724745631591213*^-12, -2.4009877729663104*^-12, -2.4303098005893947*^-12, -2.4599954327156405*^-12, -2.48956558878063*^-12, -2.518514107596413*^-12, -2.546317206610143*^-12, -2.5724448603441568*^-12, -2.5963746474275544*^-12, -2.6176070867001165*^-12, -2.635681970910105*^-12, -2.650194702344357*^-12, -2.6608119562905847*^-12, -2.667284938047641*^-12, -2.6694599352603222*^-12}"
1.571,"{10.284878236727298, 10.677419481764932, 11.064619589946833, 11.443884853752998, 11.81281051137858, 12.169227708103115, 12.511237620349807, 12.837231863041291, 13.145899385240062, 13.436220986163631, 13.707453273805385, 13.959104307278174, 14.19090331908783, 14.40276684382608, 14.594763342617867, 14.767078071095215, 14.919979551333563, 15.053788622943728, 15.168850699686699, 15.265511566422724, 15.344096826214084, 15.404894949482445, 15.448143780888222, 15.47402031628688, 15.482633561499428, 15.47402031628688, 15.448143780888222, 15.404894949482445, 15.344096826214082, 15.265511566422724, 15.1688506996867, 15.053788622943726, 14.919979551333563, 14.767078071095213, 14.594763342617867, 14.40276684382608, 14.190903319087829, 13.959104307278173, 13.707453273805386, 13.43622098616363, 13.145899385240062, 12.837231863041291, 12.511237620349808, 12.169227708103113, 11.812810511378578, 11.443884853752996, 11.064619589946833, 10.67741948176493, 10.284878236727298, 9.889720711209204, 9.49473729765219, 9.102714286384805, 8.716364402531788, 8.338261704416698, 7.970784593573806, 7.6160698942221945, 7.275979928447882, 6.95208338555907, 6.645649702605979, 6.357655755748536, 6.088802986580146, 5.839542685585151, 5.610107016932328, 5.4005434540238255, 5.210750545086531, 5.040513279026656, 4.889536715100476, 4.757476928159945, 4.643968670551371, 4.548649441966743, 4.471179880996209, 4.411260546825967, 4.368645252263437, 4.343151149094557, 4.334665764072964, 4.343151149094558, 4.368645252263437, 4.411260546825967, 4.471179880996209, 4.548649441966743, 4.643968670551373, 4.757476928159947, 4.889536715100477, 5.040513279026658, 5.21075054508653, 5.4005434540238255, 5.610107016932326, 5.839542685585151, 6.088802986580146, 6.357655755748535, 6.645649702605979, 6.952083385559073, 7.275979928447885, 7.616069894222197, 7.970784593573807, 8.338261704416702, 8.716364402531788, 9.102714286384805, 9.49473729765219, 9.889720711209202}","{9.494737297652199, 9.102714286384813, 8.716364402531797, 8.338261704416707, 7.970784593573814, 7.616069894222201, 7.275979928447893, 6.95208338555908, 6.6456497026059855, 6.357655755748541, 6.088802986580153, 5.839542685585158, 5.610107016932333, 5.4005434540238335, 5.210750545086536, 5.040513279026663, 4.8895367151004825, 4.757476928159951, 4.643968670551379, 4.548649441966749, 4.471179880996214, 4.4112605468259725, 4.368645252263443, 4.343151149094563, 4.3346657640729696, 4.343151149094563, 4.368645252263442, 4.4112605468259725, 4.471179880996215, 4.54864944196675, 4.643968670551378, 4.757476928159953, 4.8895367151004825, 5.040513279026665, 5.210750545086537, 5.4005434540238335, 5.610107016932334, 5.839542685585159, 6.088802986580152, 6.357655755748543, 6.645649702605986, 6.95208338555908, 7.275979928447891, 7.616069894222203, 7.970784593573815, 8.338261704416709, 8.716364402531797, 9.102714286384817, 9.494737297652199, 9.889720711209211, 10.284878236727309, 10.677419481764941, 11.064619589946842, 11.443884853753007, 11.812810511378588, 12.169227708103122, 12.511237620349817, 12.837231863041302, 13.14589938524007, 13.436220986163637, 13.707453273805394, 13.959104307278182, 14.190903319087834, 14.40276684382609, 14.594763342617872, 14.767078071095222, 14.919979551333569, 15.053788622943733, 15.168850699686706, 15.26551156642273, 15.34409682621409, 15.40489494948245, 15.448143780888227, 15.474020316286888, 15.482633561499435, 15.474020316286888, 15.448143780888229, 15.404894949482452, 15.34409682621409, 15.26551156642273, 15.168850699686706, 15.053788622943731, 14.919979551333569, 14.76707807109522, 14.594763342617874, 14.40276684382609, 14.190903319087836, 13.95910430727818, 13.707453273805392, 13.436220986163637, 13.14589938524007, 12.8372318630413, 12.511237620349815, 12.169227708103119, 11.812810511378585, 11.443884853753003, 11.064619589946842, 10.677419481764941, 10.284878236727307, 9.889720711209213}","{-7.874060365616608*^-13, -7.855535022065754*^-13, -7.825142015129974*^-13, -7.783583783976147*^-13, -7.731802681862183*^-13, -7.670943758802315*^-13, -7.602311888756908*^-13, -7.527326122700463*^-13, -7.447474067924802*^-13, -7.364268721728471*^-13, -7.279209690849734*^-13, -7.193750087675648*^-13, -7.109269832950701*^-13, -7.027055483798191*^-13, -6.948286295811179*^-13, -6.874025867453027*^-13, -6.805218508397437*^-13, -6.742689380216104*^-13, -6.687147404556595*^-13, -6.639190037888375*^-13, -6.599309029980027*^-13, -6.56789649185525*^-13, -6.545250578348791*^-13, -6.531580333815195*^-13, -6.527009166662135*^-13, -6.531580334179672*^-13, -6.545250579058486*^-13, -6.567896491839418*^-13, -6.599309029063925*^-13, -6.639190037303015*^-13, -6.687147405245223*^-13, -6.742689379670552*^-13, -6.805218508889545*^-13, -6.874025866690857*^-13, -6.948286296085764*^-13, -7.027055483835932*^-13, -7.109269833534898*^-13, -7.193750087521845*^-13, -7.279209691021244*^-13, -7.364268722542403*^-13, -7.447474067338344*^-13, -7.527326122114134*^-13, -7.602311888891519*^-13, -7.670943758854078*^-13, -7.731802682370835*^-13, -7.783583783662141*^-13, -7.825142014581256*^-13, -7.855535022863143*^-13, -7.874060366591195*^-13, -7.880284363303772*^-13, -7.874060366404175*^-13, -7.85553502250933*^-13, -7.825142014343636*^-13, -7.783583783450693*^-13, -7.731802682127915*^-13, -7.670943759503027*^-13, -7.602311889452127*^-13, -7.527326123446993*^-13, -7.447474067895204*^-13, -7.364268721865795*^-13, -7.279209690276976*^-13, -7.193750087431824*^-13, -7.109269832067621*^-13, -7.027055483300784*^-13, -6.948286295596693*^-13, -6.874025868021067*^-13, -6.805218508593957*^-13, -6.742689379378583*^-13, -6.687147405836399*^-13, -6.639190038545531*^-13, -6.599309029103862*^-13, -6.567896490663076*^-13, -6.545250578704802*^-13, -6.531580333906961*^-13, -6.527009165660406*^-13, -6.531580333886152*^-13, -6.545250578346594*^-13, -6.567896491568451*^-13, -6.599309029477968*^-13, -6.639190038572414*^-13, -6.687147404990154*^-13, -6.742689381048454*^-13, -6.805218508036127*^-13, -6.874025867435514*^-13, -6.948286296276339*^-13, -7.027055483932673*^-13, -7.109269832533104*^-13, -7.193750087945193*^-13, -7.279209690826792*^-13, -7.364268723396661*^-13, -7.447474068175799*^-13, -7.527326122543363*^-13, -7.602311888547851*^-13, -7.670943759289382*^-13, -7.731802680800161*^-13, -7.783583783688378*^-13, -7.825142014161139*^-13, -7.855535022973455*^-13, -7.874060366139606*^-13, -7.880284364239197*^-13}","{-7.87406036561719*^-13, -7.855535022066206*^-13, -7.825142015130362*^-13, -7.78358378397647*^-13, -7.731802681862377*^-13, -7.670943758802056*^-13, -7.602311888756649*^-13, -7.527326122700657*^-13, -7.447474067924349*^-13, -7.364268721728341*^-13, -7.279209690849734*^-13, -7.193750087675713*^-13, -7.109269832950831*^-13, -7.02705548379845*^-13, -6.948286295811243*^-13, -6.874025867452962*^-13, -6.805218508397502*^-13, -6.742689380216039*^-13, -6.687147404556789*^-13, -6.639190037888956*^-13, -6.599309029979963*^-13, -6.567896491855509*^-13, -6.545250578348662*^-13, -6.531580333815583*^-13, -6.527009166662135*^-13, -6.531580334179736*^-13, -6.545250579058486*^-13, -6.567896491839353*^-13, -6.599309029064248*^-13, -6.639190037302757*^-13, -6.687147405245481*^-13, -6.742689379670552*^-13, -6.80521850888948*^-13, -6.874025866690599*^-13, -6.948286296085829*^-13, -7.027055483836255*^-13, -7.109269833534381*^-13, -7.193750087522103*^-13, -7.279209691021244*^-13, -7.364268722542726*^-13, -7.447474067338473*^-13, -7.527326122113746*^-13, -7.602311888891712*^-13, -7.670943758854337*^-13, -7.731802682371223*^-13, -7.783583783662271*^-13, -7.825142014581385*^-13, -7.855535022863531*^-13, -7.874060366591389*^-13, -7.880284363303966*^-13, -7.874060366403722*^-13, -7.8555350225092*^-13, -7.825142014343571*^-13, -7.783583783450758*^-13, -7.73180268212798*^-13, -7.670943759502898*^-13, -7.602311889452127*^-13, -7.527326123446799*^-13, -7.447474067895075*^-13, -7.364268721865989*^-13, -7.279209690277105*^-13, -7.193750087431695*^-13, -7.10926983206788*^-13, -7.027055483300849*^-13, -6.948286295597081*^-13, -6.874025868020809*^-13, -6.805218508594539*^-13, -6.742689379378777*^-13, -6.687147405836528*^-13, -6.63919003854566*^-13, -6.599309029103798*^-13, -6.567896490663335*^-13, -6.545250578705125*^-13, -6.531580333907219*^-13, -6.527009165660277*^-13, -6.531580333886669*^-13, -6.545250578346981*^-13, -6.567896491568839*^-13, -6.59930902947758*^-13, -6.639190038572867*^-13, -6.687147404990025*^-13, -6.742689381048777*^-13, -6.805218508036256*^-13, -6.874025867435708*^-13, -6.948286296276791*^-13, -7.027055483932673*^-13, -7.109269832533234*^-13, -7.193750087945064*^-13, -7.279209690826728*^-13, -7.364268723396467*^-13, -7.447474068175864*^-13, -7.527326122543298*^-13, -7.602311888548109*^-13, -7.670943759289253*^-13, -7.731802680799838*^-13, -7.783583783688314*^-13, -7.82514201416101*^-13, -7.855535022973779*^-13, -7.874060366139994*^-13, -7.880284364239068*^-13}"
1.61,"{10.275836447800753, 10.65894796894877, 11.036953558165141, 11.40736921570099, 11.767885842396451, 12.11641312314196, 12.451111773499072, 12.770413296384662, 13.073027364357015, 13.357937780621597, 13.62438860651371, 13.871862441655303, 14.100053008183414, 14.308834153423437, 14.498227194270502, 14.668368235721223, 14.819476757210875, 14.951826416903176, 15.065718707768271, 15.16145983043396, 15.239340936378335, 15.299621742960728, 15.342517425350623, 15.368188642480304, 15.37673454589508, 15.368188642480304, 15.342517425350621, 15.299621742960726, 15.239340936378333, 15.161459830433959, 15.065718707768273, 14.951826416903176, 14.819476757210873, 14.668368235721221, 14.498227194270502, 14.308834153423437, 14.100053008183412, 13.871862441655303, 13.62438860651371, 13.357937780621597, 13.073027364357017, 12.770413296384662, 12.451111773499072, 12.116413123141959, 11.767885842396451, 11.407369215700989, 11.03695355816514, 10.658947968948766, 10.275836447800755, 9.890224222630573, 9.504777033018977, 9.122156791580144, 8.74495740424771, 8.37564451812922, 8.016502583104465, 7.669591917391278, 7.3367175577398305, 7.019410675009588, 6.718922369364094, 6.436228829971825, 6.172046222028495, 5.926853280332858, 5.700919438647946, 5.494336375064414, 5.307051056333803, 5.13889866373025, 4.989634127590272, 4.85896134427411, 4.746559466428093, 4.652105925385605, 4.575296053891654, 4.515859326633307, 4.473572329389679, 4.448268612374708, 4.439845588514523, 4.448268612374709, 4.473572329389679, 4.515859326633307, 4.5752960538916545, 4.652105925385606, 4.746559466428094, 4.858961344274111, 4.989634127590272, 5.138898663730251, 5.307051056333804, 5.494336375064416, 5.7009194386479445, 5.926853280332857, 6.172046222028495, 6.436228829971825, 6.718922369364096, 7.01941067500959, 7.336717557739832, 7.6695919173912825, 8.016502583104469, 8.375644518129224, 8.74495740424771, 9.122156791580142, 9.504777033018977, 9.890224222630572}","{9.504777033018957, 9.122156791580123, 8.74495740424769, 8.3756445181292, 8.016502583104447, 7.669591917391258, 7.336717557739813, 7.0194106750095715, 6.718922369364076, 6.436228829971807, 6.172046222028478, 5.92685328033284, 5.7009194386479285, 5.494336375064397, 5.307051056333787, 5.1388986637302345, 4.989634127590256, 4.858961344274095, 4.74655946642808, 4.652105925385591, 4.5752960538916385, 4.515859326633292, 4.473572329389665, 4.448268612374695, 4.439845588514508, 4.448268612374695, 4.473572329389665, 4.515859326633293, 4.57529605389164, 4.652105925385592, 4.746559466428079, 4.858961344274096, 4.989634127590258, 5.138898663730236, 5.307051056333787, 5.494336375064398, 5.700919438647929, 5.926853280332841, 6.172046222028478, 6.436228829971807, 6.718922369364075, 7.019410675009572, 7.336717557739813, 7.6695919173912595, 8.01650258310445, 8.375644518129201, 8.744957404247693, 9.122156791580124, 9.504777033018955, 9.890224222630552, 10.275836447800733, 10.658947968948748, 11.03695355816512, 11.40736921570097, 11.767885842396433, 12.116413123141939, 12.451111773499054, 12.770413296384646, 13.073027364356998, 13.35793778062158, 13.624388606513692, 13.871862441655287, 14.100053008183396, 14.308834153423419, 14.498227194270486, 14.668368235721209, 14.81947675721086, 14.95182641690316, 15.065718707768259, 15.161459830433946, 15.23934093637832, 15.299621742960712, 15.342517425350607, 15.36818864248029, 15.376734545895065, 15.36818864248029, 15.342517425350609, 15.299621742960712, 15.239340936378317, 15.161459830433945, 15.065718707768255, 14.95182641690316, 14.81947675721086, 14.668368235721207, 14.498227194270484, 14.308834153423419, 14.100053008183398, 13.871862441655285, 13.624388606513694, 13.357937780621578, 13.073027364356998, 12.770413296384644, 12.451111773499052, 12.116413123141934, 11.76788584239643, 11.407369215700966, 11.03695355816512, 10.658947968948748, 10.275836447800732, 9.890224222630554}","{-3.316885717984939*^-12, -3.3094510820838068*^-12, -3.297250907173818*^-12, -3.2805627807516516*^-12, -3.259759758288481*^-12, -3.2352959374735777*^-12, -3.2076895334624625*^-12, -3.1775053194332514*^-12, -3.1453372197275274*^-12, -3.111790238190188*^-12, -3.077466753416757*^-12, -3.042951781330483*^-12, -3.00880251620867*^-12, -2.97554099058462*^-12, -2.943646991470873*^-12, -2.9135550216651623*^-12, -2.8856521755660605*^-12, -2.86027795020393*^-12, -2.8377256611364204*^-12, -2.818242356101308*^-12, -2.8020329418674623*^-12, -2.7892605416413905*^-12, -2.78005252046325*^-12, -2.7744908322919435*^-12, -2.772623776679481*^-12, -2.774490827468705*^-12, -2.780052477571867*^-12, -2.7892605398946435*^-12, -2.8020329578259994*^-12, -2.8182423610840373*^-12, -2.8377256691881448*^-12, -2.860278140594282*^-12, -2.88565209529056*^-12, -2.9135549788674578*^-12, -2.943646989719473*^-12, -2.975541138255333*^-12, -3.008802587655103*^-12, -3.0429516179498526*^-12, -3.0774667820227307*^-12, -3.1117902934205204*^-12, -3.1453369840499156*^-12, -3.1775053212136025*^-12, -3.2076895331537174*^-12, -3.235296003131504*^-12, -3.2597599070913457*^-12, -3.280562746445525*^-12, -3.2972509556310406*^-12, -3.309451192384826*^-12, -3.316885606790668*^-12, -3.3193829922121015*^-12, -3.3168857508820152*^-12, -3.309451120856192*^-12, -3.297250940002445*^-12, -3.280562746218929*^-12, -3.2597598297355344*^-12, -3.235295951410744*^-12, -3.207689366934203*^-12, -3.177505346133039*^-12, -3.145337164374979*^-12, -3.111790286891894*^-12, -3.077466905198144*^-12, -3.0429517116221633*^-12, -3.008802573430595*^-12, -2.9755410090836874*^-12, -2.943646970054805*^-12, -2.9135549301373173*^-12, -2.8856521281509304*^-12, -2.8602779711367176*^-12, -2.8377256905433116*^-12, -2.8182424540058884*^-12, -2.8020328262137057*^-12, -2.7892605682346785*^-12, -2.7800522791045616*^-12, -2.7744909632068206*^-12, -2.7726235829853177*^-12, -2.7744909433618788*^-12, -2.780052252944613*^-12, -2.789260566609527*^-12, -2.802032809735906*^-12, -2.8182423055786155*^-12, -2.837725558741335*^-12, -2.860277981804349*^-12, -2.8856521483840784*^-12, -2.9135553160497467*^-12, -2.943646984460259*^-12, -2.975540994088919*^-12, -3.008802649040228*^-12, -3.042951611242245*^-12, -3.0774669005440123*^-12, -3.1117901198593646*^-12, -3.1453371155684793*^-12, -3.1775053600250203*^-12, -3.2076895006566862*^-12, -3.2352960005168896*^-12, -3.259759955179749*^-12, -3.2805627952754956*^-12, -3.2972509257548795*^-12, -3.309451044994269*^-12, -3.3168856445874454*^-12, -3.319383273448805*^-12}","{-3.316885717985094*^-12, -3.309451082083445*^-12, -3.2972509071740248*^-12, -3.280562780751238*^-12, -3.2597597582887913*^-12, -3.2352959374733192*^-12, -3.2076895334623074*^-12, -3.1775053194332514*^-12, -3.1453372197275274*^-12, -3.1117902381892056*^-12, -3.0774667534170156*^-12, -3.0429517813304313*^-12, -3.0088025162075844*^-12, -2.975540990584672*^-12, -2.9436469914713383*^-12, -2.913555021665731*^-12, -2.8856521755662156*^-12, -2.8602779502043435*^-12, -2.8377256611363687*^-12, -2.8182423561014115*^-12, -2.8020329418676174*^-12, -2.7892605416407184*^-12, -2.7800525204629914*^-12, -2.7744908322923054*^-12, -2.7726237766787054*^-12, -2.774490827468705*^-12, -2.7800524775719706*^-12, -2.78926053989423*^-12, -2.802032957825741*^-12, -2.818242361084089*^-12, -2.8377256691881965*^-12, -2.860278140593765*^-12, -2.885652095290405*^-12, -2.9135549788673544*^-12, -2.9436469897189045*^-12, -2.9755411382548677*^-12, -3.0088025876552064*^-12, -3.042951617950318*^-12, -3.077466782023196*^-12, -3.1117902934210374*^-12, -3.14533698404914*^-12, -3.177505321213861*^-12, -3.2076895331533555*^-12, -3.2352960031308837*^-12, -3.2597599070913974*^-12, -3.2805627464453697*^-12, -3.297250955630265*^-12, -3.3094511923847225*^-12, -3.3168856067906164*^-12, -3.3193829922118947*^-12, -3.3168857508816017*^-12, -3.309451120856709*^-12, -3.2972509400028587*^-12, -3.2805627462192392*^-12, -3.2597598297358446*^-12, -3.2352959514097616*^-12, -3.2076893669343582*^-12, -3.177505346134021*^-12, -3.1453371643746687*^-12, -3.1117902868923076*^-12, -3.0774669051981957*^-12, -3.042951711621905*^-12, -3.0088025734301297*^-12, -2.975541009083894*^-12, -2.9436469700554255*^-12, -2.913554930136335*^-12, -2.885652128149638*^-12, -2.860277971135942*^-12, -2.837725690543053*^-12, -2.8182424540055782*^-12, -2.8020328262137574*^-12, -2.78926056823442*^-12, -2.780052279103786*^-12, -2.774490963207079*^-12, -2.7726235829845422*^-12, -2.774490943361982*^-12, -2.7800522529439408*^-12, -2.789260566608545*^-12, -2.8020328097362162*^-12, -2.8182423055788223*^-12, -2.8377255587411283*^-12, -2.860277981803677*^-12, -2.8856521483834063*^-12, -2.9135553160484026*^-12, -2.9436469844603622*^-12, -2.9755409940887123*^-12, -3.0088026490397626*^-12, -3.0429516112416246*^-12, -3.0774669005437538*^-12, -3.1117901198598816*^-12, -3.1453371155677556*^-12, -3.1775053600246584*^-12, -3.207689500655859*^-12, -3.2352960005162175*^-12, -3.259759955179594*^-12, -3.2805627952754956*^-12, -3.2972509257550863*^-12, -3.3094510449932866*^-12, -3.3168856445879624*^-12, -3.319383273448805*^-12}"
1.649,"{10.267207911355191, 10.641330241714272, 11.01056352787487, 11.372525260969207, 11.72499522323246, 12.065956569401864, 12.393626327812816, 12.706474497665592, 13.003231786902374, 13.282886793595774, 13.544674017809815, 13.788054468652113, 14.012690802294188, 14.218418915676896, 14.405217767884897, 14.573178953745636, 14.722477257780554, 14.853343110245225, 14.966037580213646, 15.060830292987038, 15.137980460887658, 15.19772107071092, 15.240246175412679, 15.265701186261959, 15.274176047107236, 15.265701186261959, 15.240246175412677, 15.19772107071092, 15.137980460887656, 15.060830292987038, 14.966037580213648, 14.853343110245223, 14.722477257780552, 14.573178953745636, 14.405217767884897, 14.218418915676896, 14.012690802294188, 13.788054468652115, 13.544674017809816, 13.282886793595774, 13.003231786902374, 12.706474497665592, 12.393626327812818, 12.065956569401862, 11.72499522323246, 11.372525260969207, 11.010563527874869, 10.641330241714272, 10.267207911355191, 9.89069138346586, 9.51433151951185, 9.140675602253513, 8.772207886983505, 8.411293701723089, 8.060130163853161, 7.720705966731517, 7.394771884693253, 7.083822755069432, 6.789090829382751, 6.511549634356257, 6.251926910189998, 6.0107248288608, 5.788245537675565, 5.584620096963664, 5.3998390441914035, 5.233783072402839, 5.086252612902936, 4.956995421636376, 4.845731556574239, 4.752175380565497, 4.676054420662624, 4.617125058334768, 4.575185117919776, 4.550083469126327, 4.541726771121207, 4.550083469126327, 4.575185117919775, 4.617125058334768, 4.676054420662624, 4.752175380565497, 4.845731556574239, 4.956995421636377, 5.086252612902937, 5.233783072402839, 5.399839044191404, 5.584620096963665, 5.7882455376755635, 6.010724828860799, 6.251926910189999, 6.511549634356257, 6.789090829382752, 7.083822755069435, 7.394771884693257, 7.720705966731519, 8.060130163853163, 8.41129370172309, 8.772207886983505, 9.140675602253511, 9.51433151951185, 9.890691383465859}","{9.514331519511861, 9.140675602253525, 8.772207886983516, 8.4112937017231, 8.060130163853174, 7.720705966731528, 7.394771884693269, 7.0838227550694475, 6.789090829382762, 6.511549634356267, 6.251926910190009, 6.01072482886081, 5.788245537675575, 5.584620096963675, 5.399839044191414, 5.233783072402848, 5.086252612902944, 4.9569954216363845, 4.845731556574249, 4.752175380565504, 4.6760544206626315, 4.617125058334777, 4.575185117919783, 4.550083469126335, 4.5417267711212155, 4.550083469126335, 4.575185117919784, 4.617125058334776, 4.676054420662632, 4.752175380565504, 4.845731556574248, 4.956995421636385, 5.086252612902945, 5.233783072402848, 5.399839044191414, 5.5846200969636755, 5.788245537675576, 6.010724828860809, 6.251926910190009, 6.5115496343562675, 6.789090829382763, 7.083822755069448, 7.394771884693266, 7.720705966731531, 8.060130163853174, 8.411293701723102, 8.772207886983518, 9.140675602253525, 9.514331519511863, 9.890691383465873, 10.267207911355204, 10.641330241714286, 11.010563527874881, 11.37252526096922, 11.724995223232474, 12.065956569401875, 12.393626327812832, 12.706474497665607, 13.003231786902385, 13.282886793595784, 13.544674017809827, 13.788054468652122, 14.012690802294197, 14.218418915676908, 14.405217767884906, 14.573178953745646, 14.722477257780563, 14.853343110245234, 14.966037580213657, 15.060830292987045, 15.137980460887665, 15.197721070710926, 15.240246175412688, 15.265701186261966, 15.274176047107245, 15.265701186261966, 15.240246175412686, 15.197721070710928, 15.137980460887665, 15.060830292987045, 14.966037580213655, 14.853343110245234, 14.722477257780563, 14.573178953745646, 14.405217767884906, 14.218418915676907, 14.0126908022942, 13.788054468652124, 13.544674017809827, 13.282886793595784, 13.003231786902386, 12.706474497665603, 12.393626327812827, 12.065956569401873, 11.72499522323247, 11.372525260969216, 11.010563527874881, 10.641330241714286, 10.267207911355202, 9.890691383465873}","{-2.028650174388105*^-12, -2.0243414246546758*^-12, -2.0172689653060323*^-12, -2.007591441891089*^-12, -1.9955221475032405*^-12, -1.9813210419759612*^-12, -1.965285448927804*^-12, -1.9477401149647066*^-12, -1.929027154995863*^-12, -1.9094964291885702*^-12, -1.889496748436688*^-12, -1.8693682937147872*^-12, -1.8494362926312293*^-12, -1.830006115960019*^-12, -1.8113596410570461*^-12, -1.7937530865296475*^-12, -1.7774155649753507*^-12, -1.7625487712258763*^-12, -1.7493272387180172*^-12, -1.7378990416097123*^-12, -1.7283868418971272*^-12, -1.7208890052320832*^-12, -1.7154806922215428*^-12, -1.7122145622411618*^-12, -1.7111218633402515*^-12, -1.7122145638014312*^-12, -1.7154806956812257*^-12, -1.720889004740014*^-12, -1.7283868415357527*^-12, -1.737899038675289*^-12, -1.74932723878171*^-12, -1.7625487713921396*^-12, -1.7774155622887715*^-12, -1.7937530847406627*^-12, -1.811359639739761*^-12, -1.830006096864968*^-12, -1.8494363119347296*^-12, -1.8693683002317297*^-12, -1.88949674898697*^-12, -1.9094964255539386*^-12, -1.9290271545361574*^-12, -1.9477401133589423*^-12, -1.9652854482522043*^-12, -1.9813210431687557*^-12, -1.9955221504693034*^-12, -2.007591443192451*^-12, -2.0172689640882156*^-12, -2.02434142240309*^-12, -2.028650175054192*^-12, -2.030097443826074*^-12, -2.0286501738866266*^-12, -2.02434141917295*^-12, -2.017268959542031*^-12, -2.0075914404197415*^-12, -1.9955221500774266*^-12, -1.981321046180934*^-12, -1.9652854414517457*^-12, -1.9477401168233815*^-12, -1.929027158296934*^-12, -1.909496419948756*^-12, -1.889496741275165*^-12, -1.869368313308628*^-12, -1.8494362990946118*^-12, -1.8300060868238226*^-12, -1.8113596397647832*^-12, -1.7937530816440087*^-12, -1.777415564376989*^-12, -1.7625487701034956*^-12, -1.749327230070154*^-12, -1.7378990347643792*^-12, -1.7283868496207194*^-12, -1.7208889924767513*^-12, -1.715480692437437*^-12, -1.7122145623370113*^-12, -1.711121863790548*^-12, -1.7122145627363328*^-12, -1.7154806940609857*^-12, -1.72088899301659*^-12, -1.7283868495785332*^-12, -1.737899034917511*^-12, -1.7493272371020165*^-12, -1.7625487724506206*^-12, -1.7774155601845274*^-12, -1.79375308109352*^-12, -1.8113596392134673*^-12, -1.8300060865543685*^-12, -1.849436291325111*^-12, -1.8693682976554757*^-12, -1.8894967401454433*^-12, -1.9094964232878773*^-12, -1.9290271591584426*^-12, -1.9477401299418456*^-12, -1.965285442051245*^-12, -1.9813210446802214*^-12, -1.995522150027382*^-12, -2.0075914439276077*^-12, -2.0172689655084847*^-12, -2.0243414205119485*^-12, -2.0286501742741607*^-12, -2.0300974458826517*^-12}","{-2.028650174389966*^-12, -2.024341424655503*^-12, -2.0172689653076866*^-12, -2.00759144189295*^-12, -1.9955221475051017*^-12, -1.9813210419776156*^-12, -1.9652854489282177*^-12, -1.9477401149669814*^-12, -1.92902715499669*^-12, -1.909496429190845*^-12, -1.8894967484375153*^-12, -1.869368293716028*^-12, -1.849436292632677*^-12, -1.830006115962087*^-12, -1.8113596410584937*^-12, -1.7937530865309917*^-12, -1.7774155649762813*^-12, -1.7625487712264967*^-12, -1.749327238719775*^-12, -1.7378990416108497*^-12, -1.728386841897851*^-12, -1.7208890052331171*^-12, -1.7154806922236107*^-12, -1.7122145622416788*^-12, -1.7111218633412854*^-12, -1.7122145638029822*^-12, -1.715480695683397*^-12, -1.7208890047408413*^-12, -1.7283868415377172*^-12, -1.7378990386764265*^-12, -1.7493272387833645*^-12, -1.7625487713936905*^-12, -1.777415562289185*^-12, -1.7937530847410763*^-12, -1.8113596397422425*^-12, -1.830006096867036*^-12, -1.8494363119336956*^-12, -1.8693683002319365*^-12, -1.889496748989038*^-12, -1.9094964255541454*^-12, -1.9290271545382253*^-12, -1.947740113360183*^-12, -1.965285448253445*^-12, -1.9813210431691692*^-12, -1.995522150470544*^-12, -2.0075914431941053*^-12, -2.0172689640904904*^-12, -2.0243414224047445*^-12, -2.0286501750556396*^-12, -2.030097443827108*^-12, -2.0286501738889013*^-12, -2.024341419175638*^-12, -2.0172689595416174*^-12, -2.00759144042243*^-12, -1.9955221500794946*^-12, -1.981321046182795*^-12, -1.965285441452573*^-12, -1.9477401168244154*^-12, -1.9290271582983816*^-12, -1.9094964199502036*^-12, -1.8894967412768195*^-12, -1.8693683133109027*^-12, -1.8494362990948186*^-12, -1.8300060868248566*^-12, -1.811359639767058*^-12, -1.7937530816444222*^-12, -1.777415564378333*^-12, -1.7625487701053567*^-12, -1.7493272300710847*^-12, -1.7378990347647928*^-12, -1.728386849622167*^-12, -1.720888992477992*^-12, -1.7154806924381607*^-12, -1.712214562337942*^-12, -1.711121863791065*^-12, -1.7122145627374701*^-12, -1.715480694060572*^-12, -1.7208889930177274*^-12, -1.728386849579774*^-12, -1.7378990349189585*^-12, -1.7493272371037742*^-12, -1.7625487724521715*^-12, -1.7774155601868021*^-12, -1.7937530810928996*^-12, -1.811359639213881*^-12, -1.8300060865556093*^-12, -1.8494362913257315*^-12, -1.869368297657337*^-12, -1.8894967401475112*^-12, -1.9094964232897385*^-12, -1.92902715915927*^-12, -1.9477401299439135*^-12, -1.965285442052072*^-12, -1.9813210446818758*^-12, -1.9955221500280026*^-12, -2.007591443930503*^-12, -2.0172689655099323*^-12, -2.0243414205119485*^-12, -2.028650174273747*^-12, -2.030097445883479*^-12}"
1.688,"{10.258965075785191, 10.624508708283091, 10.985363768171847, 11.339241841236332, 11.684005449722815, 12.017706577661976, 12.338615549087715, 12.645239467093209, 12.936330201775332, 13.210882603506999, 13.468124155997927, 13.707497640904283, 13.928638559448263, 14.131349065989294, 14.315570047767853, 14.481352774768334, 14.62883128420579, 14.758196390753353, 14.869671953617353, 14.96349380355249, 15.039891547382785, 15.09907332832721, 15.141213526193718, 15.166443327739804, 15.174844077700667, 15.166443327739804, 15.141213526193718, 15.09907332832721, 15.039891547382785, 14.96349380355249, 14.869671953617353, 14.758196390753351, 14.628831284205788, 14.481352774768334, 14.315570047767853, 14.131349065989294, 13.928638559448263, 13.70749764090428, 13.468124155997929, 13.210882603506999, 12.936330201775332, 12.645239467093209, 12.338615549087715, 12.017706577661974, 11.684005449722815, 11.339241841236328, 10.985363768171846, 10.62450870828309, 10.258965075785195, 9.891125630841055, 9.523435110889261, 9.15833489939555, 8.798207826847444, 8.445326188999667, 8.101805769678045, 7.769568111724916, 7.45031256424091, 7.14549883978172, 6.856340036053561, 6.583805394125072, 6.328631536600469, 6.091340583410038, 5.872263381252377, 5.671566084625018, 5.48927845687605, 5.325322477629114, 5.179540107722551, 5.051719339350812, 4.941617920373537, 4.848984369538213, 4.773576083562537, 4.7151744742465, 4.6735971655701665, 4.648707331874129, 4.6404202753686885, 4.648707331874128, 4.673597165570166, 4.715174474246499, 4.773576083562538, 4.848984369538214, 4.941617920373537, 5.051719339350813, 5.179540107722552, 5.325322477629115, 5.48927845687605, 5.6715660846250175, 5.872263381252377, 6.091340583410038, 6.32863153660047, 6.58380539412507, 6.8563400360535605, 7.1454988397817205, 7.450312564240912, 7.7695681117249205, 8.101805769678045, 8.445326188999672, 8.798207826847444, 9.15833489939555, 9.523435110889261, 9.891125630841053}","{9.523435110889277, 9.158334899395564, 8.79820782684746, 8.445326188999681, 8.101805769678059, 7.76956811172493, 7.4503125642409245, 7.145498839781734, 6.856340036053575, 6.583805394125084, 6.328631536600482, 6.091340583410051, 5.872263381252388, 5.67156608462503, 5.489278456876062, 5.325322477629125, 5.179540107722563, 5.051719339350822, 4.941617920373549, 4.848984369538225, 4.773576083562548, 4.71517447424651, 4.673597165570175, 4.648707331874139, 4.640420275368699, 4.648707331874139, 4.673597165570176, 4.71517447424651, 4.773576083562547, 4.848984369538225, 4.941617920373549, 5.051719339350825, 5.179540107722564, 5.3253224776291255, 5.489278456876061, 5.67156608462503, 5.872263381252388, 6.091340583410052, 6.32863153660048, 6.5838053941250845, 6.856340036053574, 7.145498839781734, 7.4503125642409245, 7.769568111724932, 8.101805769678059, 8.445326188999685, 8.79820782684746, 9.158334899395568, 9.523435110889276, 9.891125630841067, 10.258965075785209, 10.624508708283107, 10.985363768171863, 11.339241841236346, 11.684005449722829, 12.017706577661992, 12.338615549087729, 12.645239467093223, 12.936330201775347, 13.210882603507011, 13.46812415599794, 13.707497640904295, 13.928638559448276, 14.131349065989305, 14.315570047767865, 14.481352774768345, 14.6288312842058, 14.758196390753366, 14.869671953617363, 14.963493803552502, 15.039891547382796, 15.099073328327222, 15.141213526193729, 15.166443327739815, 15.174844077700678, 15.166443327739815, 15.141213526193729, 15.09907332832722, 15.039891547382796, 14.963493803552502, 14.869671953617363, 14.758196390753366, 14.6288312842058, 14.481352774768343, 14.315570047767864, 14.131349065989305, 13.928638559448276, 13.707497640904295, 13.46812415599794, 13.210882603507011, 12.936330201775345, 12.645239467093221, 12.338615549087727, 12.017706577661984, 11.684005449722829, 11.33924184123634, 10.985363768171863, 10.624508708283107, 10.258965075785207, 9.891125630841069}","{1.0723427916446277*^-11, 1.0701523108993867*^-11, 1.0665560981404111*^-11, 1.0616337970768779*^-11, 1.0554925984919397*^-11, 1.0482633035964424*^-11, 1.0400957512631498*^-11, 1.03115389268354*^-11, 1.021610801546327*^-11, 1.0116438739352642*^-11, 1.0014304238190531*^-11, 9.911438278268784*^-12, 9.809503090444122*^-12, 9.710063963411607*^-12, 9.614570434175763*^-12, 9.524343603077231*^-12, 9.44056876654342*^-12, 9.364292449346548*^-12, 9.296422849035085*^-12, 9.237732719852075*^-12, 9.188863720289444*^-12, 9.150331536792454*^-12, 9.122530879453752*^-12, 9.105740018685155*^-12, 9.100124706132947*^-12, 9.105740018668495*^-12, 9.122530878538276*^-12, 9.150331536811324*^-12, 9.188863720274264*^-12, 9.23773271985908*^-12, 9.296422849378055*^-12, 9.364292448598473*^-12, 9.440568766864244*^-12, 9.52434360511998*^-12, 9.614570434174167*^-12, 9.710063963495598*^-12, 9.80950309083514*^-12, 9.911438277972737*^-12, 1.0014304239710346*^-11, 1.0116438741573693*^-11, 1.0216108015492027*^-11, 1.0311538926592242*^-11, 1.0400957513130385*^-11, 1.048263303612418*^-11, 1.0554925983071515*^-11, 1.0616337970346632*^-11, 1.0665560982237185*^-11, 1.0701523110825839*^-11, 1.072342791569351*^-11, 1.0730784764516335*^-11, 1.0723427918900903*^-11, 1.0701523110602151*^-11, 1.0665560983279123*^-11, 1.061633797224516*^-11, 1.0554925983942769*^-11, 1.0482633037054564*^-11, 1.0400957512787926*^-11, 1.0311538926836306*^-11, 1.0216108014577598*^-11, 1.0116438741094723*^-11, 1.0014304239673834*^-11, 9.911438277802241*^-12, 9.809503091503786*^-12, 9.71006396348805*^-12, 9.614570433649877*^-12, 9.524343602595877*^-12, 9.44056876661894*^-12, 9.364292449773716*^-12, 9.296422851731183*^-12, 9.237732712759621*^-12, 9.188863719078*^-12, 9.150331535466942*^-12, 9.122530878961922*^-12, 9.105740017614234*^-12, 9.100124707591454*^-12, 9.10574001765834*^-12, 9.122530877593836*^-12, 9.150331535402848*^-12, 9.188863719880326*^-12, 9.237732715024933*^-12, 9.29642284962648*^-12, 9.364292447068984*^-12, 9.440568764720463*^-12, 9.524343602856936*^-12, 9.614570433632318*^-12, 9.710063963470556*^-12, 9.809503092135558*^-12, 9.911438276181225*^-12, 1.0014304239310953*^-11, 1.0116438740519987*^-11, 1.0216108014582723*^-11, 1.031153892766682*^-11, 1.0400957511349523*^-11, 1.0482633034502473*^-11, 1.0554925985616*^-11, 1.0616337972264883*^-11, 1.066556098128519*^-11, 1.0701523110616588*^-11, 1.0723427916610427*^-11, 1.0730784762430619*^-11}","{1.072342791644567*^-11, 1.070152310899357*^-11, 1.0665560981403936*^-11, 1.0616337970768824*^-11, 1.0554925984919288*^-11, 1.0482633035964812*^-11, 1.0400957512631337*^-11, 1.031153892683469*^-11, 1.0216108015462843*^-11, 1.0116438739352642*^-11, 1.0014304238190518*^-11, 9.911438278268583*^-12, 9.809503090444193*^-12, 9.710063963411562*^-12, 9.614570434175117*^-12, 9.524343603077625*^-12, 9.440568766543181*^-12, 9.364292449346613*^-12, 9.296422849035169*^-12, 9.237732719852184*^-12, 9.188863720289787*^-12, 9.150331536792046*^-12, 9.122530879453997*^-12, 9.105740018684832*^-12, 9.100124706132902*^-12, 9.105740018668592*^-12, 9.122530878538173*^-12, 9.150331536811*^-12, 9.188863720274923*^-12, 9.237732719858614*^-12, 9.29642284937823*^-12, 9.36429244859828*^-12, 9.44056876686476*^-12, 9.524343605119993*^-12, 9.614570434173792*^-12, 9.710063963495281*^-12, 9.80950309083521*^-12, 9.911438277972227*^-12, 1.0014304239710049*^-11, 1.0116438741574371*^-11, 1.0216108015491923*^-11, 1.0311538926592229*^-11, 1.0400957513130456*^-11, 1.0482633036124554*^-11, 1.0554925983072135*^-11, 1.0616337970346322*^-11, 1.0665560982237773*^-11, 1.0701523110826272*^-11, 1.0723427915693685*^-11, 1.0730784764515876*^-11, 1.0723427918901013*^-11, 1.0701523110602067*^-11, 1.0665560983278509*^-11, 1.0616337972245509*^-11, 1.0554925983942361*^-11, 1.0482633037054221*^-11, 1.0400957512787105*^-11, 1.0311538926836512*^-11, 1.0216108014577404*^-11, 1.0116438741094322*^-11, 1.001430423967324*^-11, 9.91143827780246*^-12, 9.809503091503527*^-12, 9.710063963487921*^-12, 9.614570433649398*^-12, 9.524343602595935*^-12, 9.440568766618946*^-12, 9.364292449773735*^-12, 9.29642285173108*^-12, 9.237732712759124*^-12, 9.188863719078122*^-12, 9.150331535466658*^-12, 9.122530878962426*^-12, 9.105740017614693*^-12, 9.100124707591079*^-12, 9.10574001765852*^-12, 9.122530877593578*^-12, 9.150331535402596*^-12, 9.188863719880028*^-12, 9.237732715024616*^-12, 9.296422849626519*^-12, 9.364292447068642*^-12, 9.440568764720237*^-12, 9.524343602857078*^-12, 9.61457043363186*^-12, 9.710063963470188*^-12, 9.809503092135474*^-12, 9.911438276181587*^-12, 1.0014304239311167*^-11, 1.01164387405196*^-11, 1.0216108014582749*^-11, 1.0311538927666562*^-11, 1.0400957511350079*^-11, 1.0482633034502298*^-11, 1.0554925985615308*^-11, 1.0616337972264677*^-11, 1.0665560981285242*^-11, 1.0701523110616168*^-11, 1.0723427916609768*^-11, 1.0730784762430431*^-11}"
1.7269999999999999,"{10.25108277024769, 10.60843081712376, 10.961276008755796, 11.307417350835195, 11.644794531593297, 11.971524110850913, 12.285926889042267, 12.586545696520892, 12.872153546634221, 13.141752722243503, 13.394565861505928, 13.63002044611359, 13.847728269110632, 14.04746148505355, 14.229126751278898, 14.392738790618461, 14.538394478782568, 14.666248315590156, 14.776489903454346, 14.869323846707019, 14.94495231192802, 15.003560356783627, 15.04530404264431, 15.070301290881266, 15.07862541868221, 15.070301290881266, 15.04530404264431, 15.003560356783627, 14.94495231192802, 14.86932384670702, 14.776489903454348, 14.666248315590154, 14.538394478782568, 14.392738790618461, 14.229126751278898, 14.047461485053546, 13.847728269110632, 13.63002044611359, 13.39456586150593, 13.141752722243503, 12.872153546634223, 12.58654569652089, 12.285926889042269, 11.971524110850911, 11.644794531593295, 11.307417350835193, 10.961276008755794, 10.608430817123757, 10.251082770247692, 9.891530002974138, 9.532118991405106, 9.175193061728708, 8.823041020239478, 8.477848708856284, 8.141656026239419, 7.81632147123645, 7.503495627401724, 7.2046042955593474, 6.920841278803135, 6.653170203101425, 6.402334268764356, 6.168872500830503, 5.953140903309219, 5.755336906876348, 5.575525602588741, 5.4136664397360175, 5.269639298168298, 5.143269092617325, 5.03434830370507, 4.942657040165921, 4.867980409188973, 4.810123102701402, 4.768921197474242, 4.744251219916507, 4.736036548030912, 4.744251219916507, 4.768921197474242, 4.810123102701403, 4.867980409188973, 4.942657040165921, 5.034348303705071, 5.143269092617325, 5.269639298168297, 5.4136664397360175, 5.575525602588741, 5.755336906876348, 5.953140903309219, 6.168872500830503, 6.402334268764358, 6.653170203101425, 6.920841278803135, 7.2046042955593474, 7.503495627401728, 7.816321471236453, 8.14165602623942, 8.477848708856287, 8.823041020239478, 9.17519306172871, 9.532118991405108, 9.891530002974136}","{9.532118991405145, 9.175193061728748, 8.823041020239515, 8.477848708856321, 8.141656026239454, 7.816321471236486, 7.503495627401764, 7.204604295559383, 6.92084127880317, 6.653170203101458, 6.402334268764391, 6.168872500830535, 5.953140903309251, 5.755336906876378, 5.5755256025887725, 5.413666439736048, 5.269639298168326, 5.143269092617352, 5.0343483037051, 4.942657040165949, 4.867980409189001, 4.8101231027014295, 4.76892119747427, 4.744251219916534, 4.736036548030939, 4.744251219916534, 4.76892119747427, 4.81012310270143, 4.867980409189002, 4.942657040165949, 5.034348303705098, 5.143269092617354, 5.269639298168327, 5.413666439736048, 5.5755256025887725, 5.755336906876381, 5.953140903309251, 6.168872500830536, 6.40233426876439, 6.653170203101459, 6.920841278803168, 7.204604295559385, 7.503495627401762, 7.8163214712364875, 8.141656026239456, 8.477848708856323, 8.823041020239517, 9.17519306172875, 9.532118991405145, 9.891530002974177, 10.25108277024773, 10.608430817123798, 10.961276008755833, 11.307417350835232, 11.644794531593332, 11.971524110850948, 12.285926889042306, 12.586545696520927, 12.872153546634259, 13.141752722243536, 13.394565861505962, 13.630020446113623, 13.847728269110666, 14.047461485053578, 14.22912675127893, 14.392738790618493, 14.538394478782598, 14.666248315590183, 14.776489903454378, 14.869323846707049, 14.944952311928049, 15.003560356783655, 15.045304042644338, 15.070301290881295, 15.078625418682238, 15.070301290881295, 15.045304042644338, 15.003560356783654, 14.944952311928049, 14.869323846707049, 14.776489903454376, 14.666248315590185, 14.538394478782598, 14.392738790618493, 14.229126751278928, 14.047461485053578, 13.847728269110664, 13.630020446113624, 13.39456586150596, 13.141752722243538, 12.872153546634257, 12.586545696520925, 12.285926889042303, 11.971524110850945, 11.64479453159333, 11.307417350835228, 10.961276008755831, 10.608430817123798, 10.251082770247729, 9.891530002974177}","{-1.6660799292490536*^-17, -1.6627751027606524*^-17, -1.6573484467506087*^-17, -1.649918823703735*^-17, -1.640646288083631*^-17, -1.6297264212241775*^-17, -1.617383506607097*^-17, -1.603863396134387*^-17, -1.58942608064684*^-17, -1.5743385519393667*^-17, -1.5588682902349927*^-17, -1.543277420537408*^-17, -1.5278179124435312*^-17, -1.5127276011430475*^-17, -1.49822734133584*^-17, -1.484518946907297*^-17, -1.4717839683447957*^-17, -1.460183126289622*^-17, -1.4498562510503302*^-17, -1.440922579724408*^-17, -1.433481382432857*^-17, -1.4276125522353828*^-17, -1.4233773732482515*^-17, -1.42081909886691*^-17, -1.419963472658937*^-17, -1.4208190987952542*^-17, -1.4233773721456804*^-17, -1.427612554321613*^-17, -1.4334813831322314*^-17, -1.440922586548591*^-17, -1.4498562508244683*^-17, -1.4601831313361403*^-17, -1.471783970883159*^-17, -1.4845189469562125*^-17, -1.4982273402011424*^-17, -1.5127276015367187*^-17, -1.5278179106823463*^-17, -1.5432774273466432*^-17, -1.558868290135034*^-17, -1.5743385503827407*^-17, -1.589426078824252*^-17, -1.6038634002253802*^-17, -1.61738350934476*^-17, -1.6297264182875614*^-17, -1.640646291944803*^-17, -1.6499188233610414*^-17, -1.6573484484700444*^-17, -1.6627751024105375*^-17, -1.6660799266076515*^-17, -1.6671897772537772*^-17, -1.666079929761208*^-17, -1.6627751006303077*^-17, -1.6573484487423284*^-17, -1.6499188219337862*^-17, -1.6406462972486958*^-17, -1.6297264184226465*^-17, -1.617383507709445*^-17, -1.603863399528424*^-17, -1.5894260832413048*^-17, -1.5743385545144626*^-17, -1.5588682905754564*^-17, -1.5432774296061504*^-17, -1.5278179150429512*^-17, -1.512727604138499*^-17, -1.498227341366947*^-17, -1.4845189475736527*^-17, -1.4717839699419222*^-17, -1.4601831324101818*^-17, -1.449856246530792*^-17, -1.4409225832426452*^-17, -1.4334813852962112*^-17, -1.4276125542663755*^-17, -1.423377375039216*^-17, -1.4208191075814033*^-17, -1.41996347395435*^-17, -1.4208191014177606*^-17, -1.4233773751971866*^-17, -1.4276125527437482*^-17, -1.4334813857236025*^-17, -1.4409225900707478*^-17, -1.449856246199166*^-17, -1.46018312427187*^-17, -1.4717839759597797*^-17, -1.484518947412083*^-17, -1.4982273460080597*^-17, -1.512727601508819*^-17, -1.5278179199601455*^-17, -1.5432774219954534*^-17, -1.5588682855940414*^-17, -1.574338544532425*^-17, -1.5894260794370576*^-17, -1.603863402476788*^-17, -1.6173835082912128*^-17, -1.6297264152296395*^-17, -1.6406462919523145*^-17, -1.6499188258142768*^-17, -1.657348444030397*^-17, -1.66277509942427*^-17, -1.666079932093109*^-17, -1.667189775193301*^-17}","{-1.6660799292499657*^-17, -1.6627751027611467*^-17, -1.6573484467511128*^-17, -1.6499188237033836*^-17, -1.6406462880825832*^-17, -1.629726421224276*^-17, -1.6173835066069972*^-17, -1.6038633961348714*^-17, -1.5894260806478568*^-17, -1.574338551939384*^-17, -1.5588682902360663*^-17, -1.5432774205375065*^-17, -1.5278179124431196*^-17, -1.5127276011431597*^-17, -1.4982273413360335*^-17, -1.4845189469077654*^-17, -1.471783968345677*^-17, -1.460183126289315*^-17, -1.4498562510506408*^-17, -1.4409225797252352*^-17, -1.43348138243316*^-17, -1.427612552235824*^-17, -1.4233773732479347*^-17, -1.4208190988674806*^-17, -1.4199634726594288*^-17, -1.420819098795349*^-17, -1.4233773721452132*^-17, -1.42761255432174*^-17, -1.4334813831320317*^-17, -1.4409225865492444*^-17, -1.449856250825124*^-17, -1.460183131336515*^-17, -1.4717839708824343*^-17, -1.484518946955447*^-17, -1.4982273402021002*^-17, -1.5127276015366213*^-17, -1.527817910682398*^-17, -1.543277427346727*^-17, -1.558868290135235*^-17, -1.5743385503833213*^-17, -1.5894260788252578*^-17, -1.603863400225591*^-17, -1.6173835093458348*^-17, -1.6297264182873063*^-17, -1.6406462919445787*^-17, -1.6499188233608134*^-17, -1.6573484484699532*^-17, -1.662775102412008*^-17, -1.6660799266075516*^-17, -1.6671897772533532*^-17, -1.6660799297604265*^-17, -1.6627751006308463*^-17, -1.65734844874212*^-17, -1.6499188219346354*^-17, -1.640646297248374*^-17, -1.6297264184218822*^-17, -1.6173835077096867*^-17, -1.6038633995286078*^-17, -1.5894260832411347*^-17, -1.574338554515132*^-17, -1.5588682905754613*^-17, -1.5432774296059544*^-17, -1.52781791504303*^-17, -1.512727604138886*^-17, -1.4982273413660472*^-17, -1.4845189475747744*^-17, -1.4717839699428676*^-17, -1.4601831324102323*^-17, -1.4498562465297492*^-17, -1.4409225832426895*^-17, -1.4334813852966636*^-17, -1.427612554266076*^-17, -1.4233773750391926*^-17, -1.4208191075821638*^-17, -1.4199634739535835*^-17, -1.420819101418176*^-17, -1.423377375197247*^-17, -1.4276125527435744*^-17, -1.4334813857232512*^-17, -1.440922590070844*^-17, -1.4498562461997712*^-17, -1.460183124271664*^-17, -1.47178397596046*^-17, -1.4845189474121902*^-17, -1.498227346007377*^-17, -1.512727601509371*^-17, -1.5278179199602047*^-17, -1.5432774219954928*^-17, -1.558868285594431*^-17, -1.5743385445326703*^-17, -1.5894260794364068*^-17, -1.6038634024769754*^-17, -1.617383508290753*^-17, -1.6297264152302718*^-17, -1.6406462919526522*^-17, -1.6499188258143113*^-17, -1.6573484440309318*^-17, -1.662775099423608*^-17, -1.666079932093659*^-17, -1.667189775193726*^-17}"
1.766,"{10.243537954746316, 10.593048520298398, 10.93822865135556, 11.276958734902433, 11.607250555342691, 11.92728134407917, 12.235419744486972, 12.530242965130483, 12.810545029673495, 13.075336602790026, 13.323837329432205, 13.555461943003845, 13.769801570343088, 13.966601699686793, 14.14573820609904, 14.307192677757975, 14.451028087648472, 14.577365637266006, 14.686363385095763, 14.778197079588594, 14.853043454416056, 14.911066117702818, 14.952404077096201, 14.977162886220682, 14.985408370556899, 14.977162886220682, 14.952404077096201, 14.911066117702818, 14.853043454416056, 14.778197079588594, 14.686363385095763, 14.577365637266002, 14.451028087648472, 14.307192677757973, 14.14573820609904, 13.966601699686793, 13.769801570343088, 13.555461943003845, 13.323837329432205, 13.075336602790024, 12.810545029673497, 12.530242965130482, 12.235419744486974, 11.927281344079168, 11.607250555342691, 11.276958734902433, 10.93822865135556, 10.593048520298394, 10.243537954746316, 9.891907193619414, 9.540411533268387, 9.19130330595635, 8.846783969717507, 8.508958866149488, 8.179796967351528, 7.8610975019614235, 7.5544647793775, 7.261291891575532, 6.9827533366254855, 6.71980604136545, 6.4731978098317695, 6.24348191487353, 6.0310363877152, 5.83608653130666, 5.658729263223263, 5.498958051610695, 5.356687411369236, 5.231776148800839, 5.124048758289481, 5.033314567829366, 4.959384391362293, 4.902084570480711, 4.86126837596218, 4.836824793743856, 4.828684745184786, 4.836824793743856, 4.86126837596218, 4.902084570480711, 4.959384391362293, 5.033314567829366, 5.124048758289482, 5.231776148800841, 5.356687411369237, 5.498958051610696, 5.658729263223262, 5.83608653130666, 6.0310363877152, 6.24348191487353, 6.47319780983177, 6.719806041365451, 6.982753336625486, 7.2612918915755325, 7.554464779377503, 7.861097501961427, 8.17979696735153, 8.50895886614949, 8.846783969717507, 9.19130330595635, 9.540411533268387, 9.891907193619414}","{9.540411533268385, 9.191303305956346, 8.846783969717505, 8.508958866149484, 8.179796967351525, 7.86109750196142, 7.554464779377498, 7.26129189157553, 6.982753336625482, 6.719806041365447, 6.473197809831766, 6.243481914873526, 6.031036387715197, 5.836086531306656, 5.658729263223258, 5.498958051610692, 5.356687411369233, 5.231776148800836, 5.1240487582894785, 5.033314567829363, 4.959384391362291, 4.902084570480708, 4.861268375962178, 4.836824793743854, 4.828684745184783, 4.836824793743855, 4.861268375962178, 4.902084570480708, 4.959384391362291, 5.033314567829363, 5.1240487582894785, 5.231776148800839, 5.356687411369233, 5.4989580516106935, 5.658729263223258, 5.836086531306656, 6.031036387715198, 6.243481914873526, 6.473197809831766, 6.719806041365447, 6.982753336625482, 7.261291891575531, 7.554464779377495, 7.861097501961423, 8.179796967351525, 8.508958866149484, 8.846783969717505, 9.19130330595635, 9.540411533268385, 9.89190719361941, 10.243537954746312, 10.593048520298394, 10.938228651355558, 11.27695873490243, 11.607250555342688, 11.927281344079166, 12.23541974448697, 12.53024296513048, 12.810545029673493, 13.075336602790022, 13.323837329432202, 13.555461943003843, 13.769801570343084, 13.96660169968679, 14.145738206099034, 14.307192677757971, 14.451028087648469, 14.577365637266002, 14.68636338509576, 14.77819707958859, 14.853043454416055, 14.911066117702816, 14.952404077096197, 14.977162886220679, 14.985408370556897, 14.977162886220679, 14.9524040770962, 14.911066117702815, 14.853043454416053, 14.77819707958859, 14.68636338509576, 14.577365637265999, 14.451028087648469, 14.30719267775797, 14.145738206099036, 13.96660169968679, 13.769801570343084, 13.555461943003841, 13.3238373294322, 13.075336602790022, 12.810545029673493, 12.53024296513048, 12.235419744486967, 11.927281344079164, 11.607250555342686, 11.276958734902427, 10.938228651355558, 10.593048520298394, 10.243537954746312, 9.89190719361941}","{-3.2211771646191084*^-19, -3.2151852639218784*^-19, -3.2053351189490904*^-19, -3.191841288849351*^-19, -3.1749984339435323*^-19, -3.1551580135897797*^-19, -3.13270509407514*^-19, -3.1081022276712556*^-19, -3.081795513932353*^-19, -3.0542717871774216*^-19, -3.0260240057550266*^-19, -2.997511259076252*^-19, -2.9691915175198934*^-19, -2.941477305685363*^-19, -2.914774401165639*^-19, -2.889408923460305*^-19, -2.8656989391781315*^-19, -2.843807613603038*^-19, -2.823816299841781*^-19, -2.8055354527353494*^-19, -2.7880425082099183*^-19, -2.7913858488344485*^-19, -2.9357696465172387*^-19, -2.888223958647662*^-19, -2.6205660520086945*^-19, -2.888224003404194*^-19, -2.935769641093173*^-19, -2.791385848849717*^-19, -2.788042505803677*^-19, -2.8055354588359713*^-19, -2.823808330635827*^-19, -2.843806295438914*^-19, -2.8656972168254687*^-19, -2.8894226855933623*^-19, -2.914774400742273*^-19, -2.941486887889154*^-19, -2.9691916976782367*^-19, -2.997511146799174*^-19, -3.026024133993457*^-19, -3.0542717322374504*^-19, -3.0817954625635025*^-19, -3.108103725127794*^-19, -3.1327127630121295*^-19, -3.1551539486802387*^-19, -3.1749986624291894*^-19, -3.1918464164902554*^-19, -3.205328422210397*^-19, -3.215180010120437*^-19, -3.221177164782689*^-19, -3.2231993297098006*^-19, -3.221175167748798*^-19, -3.215185097723338*^-19, -3.205329123938996*^-19, -3.191841251503135*^-19, -3.1750019807792895*^-19, -3.1551642950722466*^-19, -3.13271270656528*^-19, -3.1080971400297436*^-19, -3.081797006006718*^-19, -3.054270191252692*^-19, -3.0260250054723505*^-19, -2.9974980537975657*^-19, -2.9691854875832135*^-19, -2.9414739856572235*^-19, -2.914776991928942*^-19, -2.889423660431862*^-19, -2.865708609596231*^-19, -2.8438095177491433*^-19, -2.823804380984673*^-19, -2.8055483119948985*^-19, -2.788046252309466*^-19, -2.7913773794625157*^-19, -2.935797324932321*^-19, -2.888273845772366*^-19, -2.6205294140981314*^-19, -2.8882739470019554*^-19, -2.935797448219201*^-19, -2.7913777627831875*^-19, -2.7880366657707*^-19, -2.8055487756016886*^-19, -2.8237939141435116*^-19, -2.843812979681419*^-19, -2.8656852521494087*^-19, -2.889398605052876*^-19, -2.9147767551846507*^-19, -2.941473985828277*^-19, -2.9691854757903285*^-19, -2.997498163999801*^-19, -3.026024906929464*^-19, -3.054270178800122*^-19, -3.081796770475994*^-19, -3.108094441112393*^-19, -3.1327042844552674*^-19, -3.155150481127252*^-19, -3.1750116757755525*^-19, -3.1918402434333764*^-19, -3.2053291220431105*^-19, -3.2151850845661086*^-19, -3.221175291365813*^-19, -3.2231937319608753*^-19}","{-3.2211771646176447*^-19, -3.2151852639202144*^-19, -3.2053351189472415*^-19, -3.1918412888488887*^-19, -3.1749984339425154*^-19, -3.1551580135894407*^-19, -3.13270509407477*^-19, -3.108102227668467*^-19, -3.081795513930134*^-19, -3.0542717871761274*^-19, -3.0260240057532394*^-19, -2.9975112590750504*^-19, -2.9691915175197393*^-19, -2.9414773056845158*^-19, -2.9147744011649147*^-19, -2.8894089234587335*^-19, -2.865698939177623*^-19, -2.8438076136025143*^-19, -2.8238162998403943*^-19, -2.805535452733932*^-19, -2.7880425082096563*^-19, -2.791385848833555*^-19, -2.935769646516268*^-19, -2.888223958646553*^-19, -2.62056605200663*^-19, -2.8882240034043173*^-19, -2.935769641092233*^-19, -2.7913858488485*^-19, -2.7880425058037847*^-19, -2.8055354588346925*^-19, -2.823808330635673*^-19, -2.8438062954367417*^-19, -2.865697216823558*^-19, -2.889422685592176*^-19, -2.9147744007433055*^-19, -2.941486887886165*^-19, -2.969191697679192*^-19, -2.997511146797017*^-19, -3.0260241339925173*^-19, -3.0542717322359713*^-19, -3.0817954625623315*^-19, -3.1081037251272085*^-19, -3.1327127630122836*^-19, -3.155153948680562*^-19, -3.174998662427479*^-19, -3.191846416488268*^-19, -3.205328422209226*^-19, -3.2151800101206064*^-19, -3.221177164780948*^-19, -3.2231993297068424*^-19, -3.221175167750092*^-19, -3.2151850977209035*^-19, -3.205329123938765*^-19, -3.191841251502765*^-19, -3.175001980778365*^-19, -3.1551642950714454*^-19, -3.1327127065630766*^-19, -3.1080971400278793*^-19, -3.0817970060059324*^-19, -3.0542701912503655*^-19, -3.026025005470255*^-19, -2.9974980537981203*^-19, -2.969185487582659*^-19, -2.9414739856567766*^-19, -2.914776991928942*^-19, -2.889423660430352*^-19, -2.865708609594151*^-19, -2.8438095177483575*^-19, -2.823804380983209*^-19, -2.8055483119947136*^-19, -2.7880462523069084*^-19, -2.791377379461006*^-19, -2.9357973249301484*^-19, -2.888273845771164*^-19, -2.6205294140973456*^-19, -2.888273947001493*^-19, -2.935797448218985*^-19, -2.7913777627824634*^-19, -2.7880366657684504*^-19, -2.8055487756007796*^-19, -2.823793914142356*^-19, -2.843812979680356*^-19, -2.8656852521479604*^-19, -2.88939860505246*^-19, -2.914776755183834*^-19, -2.941473985827491*^-19, -2.969185475789219*^-19, -2.9974981639995852*^-19, -3.026024906929418*^-19, -3.0542701787994287*^-19, -3.081796770475547*^-19, -3.108094441111638*^-19, -3.132704284453357*^-19, -3.155150481126235*^-19, -3.1750116757736266*^-19, -3.191840243432791*^-19, -3.205329122043573*^-19, -3.215185084564768*^-19, -3.221175291364781*^-19, -3.223193731958641*^-19}"
1.805,"{10.236309500976398, 10.578317803738141, 10.916156078543066, 11.24778061750661, 11.571270680492837, 11.884860581791566, 12.186964348143128, 12.476192253167547, 12.75135910930107, 13.01148471986975, 13.255787317326181, 13.483671113543814, 13.694709257524405, 13.88862354390881, 14.0652621626209, 14.224576652374038, 14.366599046676955, 14.491420006256186, 14.5991685377972, 14.689993721316524, 14.764048717364876, 14.821477205642129, 14.862402319442543, 14.886918083633907, 14.895083333608664, 14.886918083633907, 14.862402319442543, 14.821477205642127, 14.764048717364876, 14.689993721316524, 14.5991685377972, 14.491420006256185, 14.366599046676955, 14.224576652374038, 14.0652621626209, 13.888623543908809, 13.694709257524403, 13.483671113543814, 13.255787317326181, 13.011484719869749, 12.75135910930107, 12.476192253167545, 12.18696434814313, 11.884860581791564, 11.571270680492837, 11.247780617506606, 10.916156078543066, 10.57831780373814, 10.236309500976398, 9.892259598194816, 9.548338606935593, 9.206714244342356, 8.869506657791245, 8.538746089272077, 8.21633510626614, 7.904017139792135, 7.6033525578230625, 7.3157029256678285, 7.042223528913955, 6.7838637165785824, 6.541374205017447, 6.315320191291588, 6.106098963939404, 5.91396065955577, 5.73903087420643, 5.581333972497531, 5.440816115819685, 5.317367229023173, 5.210841320367637, 5.121074747537936, 5.047902173044802, 4.991170070683511, 4.950747730175091, 4.926535761857252, 4.918472131458358, 4.926535761857252, 4.950747730175091, 4.991170070683511, 5.047902173044802, 5.121074747537937, 5.210841320367637, 5.317367229023175, 5.440816115819686, 5.581333972497533, 5.739030874206429, 5.9139606595557686, 6.106098963939403, 6.315320191291587, 6.541374205017447, 6.783863716578582, 7.042223528913956, 7.315702925667829, 7.603352557823066, 7.9040171397921375, 8.216335106266142, 8.53874608927208, 8.869506657791245, 9.206714244342356, 9.548338606935594, 9.892259598194814}","{9.548338606935655, 9.206714244342416, 8.869506657791305, 8.538746089272134, 8.2163351062662, 7.904017139792193, 7.603352557823121, 7.3157029256678845, 7.042223528914009, 6.783863716578636, 6.5413742050175, 6.315320191291639, 6.106098963939455, 5.913960659555819, 5.739030874206478, 5.581333972497581, 5.440816115819733, 5.317367229023221, 5.210841320367684, 5.121074747537982, 5.047902173044849, 4.991170070683556, 4.950747730175135, 4.926535761857297, 4.918472131458404, 4.926535761857297, 4.950747730175136, 4.991170070683557, 5.047902173044848, 5.121074747537982, 5.210841320367684, 5.317367229023223, 5.440816115819734, 5.581333972497581, 5.73903087420648, 5.913960659555821, 6.1060989639394565, 6.315320191291638, 6.5413742050175, 6.783863716578637, 7.04222352891401, 7.315702925667885, 7.60335255782312, 7.904017139792195, 8.2163351062662, 8.538746089272138, 8.869506657791307, 9.206714244342418, 9.548338606935655, 9.892259598194874, 10.23630950097646, 10.578317803738202, 10.916156078543127, 11.247780617506669, 11.571270680492898, 11.884860581791624, 12.186964348143189, 12.476192253167603, 12.751359109301125, 13.011484719869804, 13.255787317326236, 13.483671113543865, 13.694709257524455, 13.88862354390886, 14.06526216262095, 14.224576652374088, 14.366599046677004, 14.491420006256236, 14.599168537797247, 14.689993721316572, 14.764048717364924, 14.821477205642173, 14.86240231944259, 14.886918083633951, 14.89508333360871, 14.886918083633951, 14.86240231944259, 14.821477205642173, 14.764048717364924, 14.68999372131657, 14.599168537797246, 14.491420006256233, 14.366599046677004, 14.224576652374086, 14.065262162620952, 13.888623543908862, 13.694709257524456, 13.483671113543867, 13.255787317326236, 13.011484719869804, 12.751359109301125, 12.476192253167602, 12.186964348143185, 11.884860581791623, 11.571270680492896, 11.247780617506665, 10.916156078543127, 10.578317803738203, 10.236309500976459, 9.892259598194874}","{2.77883930370599*^-18, 2.7738840581833317*^-18, 2.7657441567976042*^-18, 2.7545934793791806*^-18, 2.7406663776784513*^-18, 2.7242503637402197*^-18, 2.7056757200654065*^-18, 2.6853060346727086*^-18, 2.6635271208312566*^-18, 2.640737209173423*^-18, 2.617336922864436*^-18, 2.5937213072664217*^-18, 2.570271700526555*^-18, 2.5473504664841408*^-18, 2.525295846350351*^-18, 2.504418931191685*^-18, 2.4850012033207044*^-18, 2.467293070830643*^-18, 2.4515138695280166*^-18, 2.4378518300688488*^-18, 2.42646418385741*^-18, 2.4174781543648793*^-18, 2.4109773159510563*^-18, 2.4070260516888574*^-18, 2.405710841661947*^-18, 2.4070260502210615*^-18, 2.4109773277431925*^-18, 2.4174780899781247*^-18, 2.4264641903609025*^-18, 2.437851833454182*^-18, 2.4515139248278902*^-18, 2.4672931117735055*^-18, 2.48500112243691*^-18, 2.504419004527709*^-18, 2.5252958445137395*^-18, 2.547350401977236*^-18, 2.5702717001801956*^-18, 2.5937212539625295*^-18, 2.6173369459691212*^-18, 2.6407371953020512*^-18, 2.663527098651377*^-18, 2.685305989218246*^-18, 2.7056758217257173*^-18, 2.7242503293036848*^-18, 2.740666423169297*^-18, 2.7545933251756584*^-18, 2.765744156263986*^-18, 2.773884038346227*^-18, 2.7788393264694266*^-18, 2.7805031655100545*^-18, 2.7788393235674277*^-18, 2.7738840592450552*^-18, 2.7657442123237237*^-18, 2.7545934694264477*^-18, 2.7406664165320803*^-18, 2.724250385116583*^-18, 2.705675715353827*^-18, 2.6853059579937184*^-18, 2.6635271662873602*^-18, 2.6407372671795748*^-18, 2.6173369538975092*^-18, 2.5937213187906365*^-18, 2.570271675123291*^-18, 2.5473504225867246*^-18, 2.525295765166472*^-18, 2.5044189448204557*^-18, 2.4850011920529095*^-18, 2.4672930898859696*^-18, 2.4515138889319796*^-18, 2.437851856870307*^-18, 2.4264641705491493*^-18, 2.417478185651947*^-18, 2.410977298834779*^-18, 2.4070261657995102*^-18, 2.4057109305108393*^-18, 2.4070261409246936*^-18, 2.410977302266355*^-18, 2.4174781086841707*^-18, 2.4264641983903155*^-18, 2.437851790312564*^-18, 2.451513983628402*^-18, 2.467293051496764*^-18, 2.4850011842455347*^-18, 2.504418939756226*^-18, 2.5252958105387483*^-18, 2.5473504431666512*^-18, 2.5702716370883484*^-18, 2.5937212768024224*^-18, 2.6173369539246556*^-18, 2.640737299842111*^-18, 2.6635270604979882*^-18, 2.685305915858157*^-18, 2.705675760389215*^-18, 2.724250473481828*^-18, 2.740666417709161*^-18, 2.7545934076381577*^-18, 2.7657440643571223*^-18, 2.773884121314155*^-18, 2.778839262181007*^-18, 2.7805030779878615*^-18}","{2.7788393037058514*^-18, 2.7738840581841806*^-18, 2.76574415679835*^-18, 2.754593479380447*^-18, 2.740666377679032*^-18, 2.7242503637410147*^-18, 2.705675720066394*^-18, 2.685306034673382*^-18, 2.6635271208318313*^-18, 2.64073720917309*^-18, 2.617336922865097*^-18, 2.5937213072663293*^-18, 2.5702717005271326*^-18, 2.5473504664844305*^-18, 2.5252958463509395*^-18, 2.5044189311923304*^-18, 2.485001203320484*^-18, 2.4672930708303704*^-18, 2.4515138695285174*^-18, 2.4378518300697963*^-18, 2.4264641838581295*^-18, 2.417478154365269*^-18, 2.4109773159517573*^-18, 2.4070260516887095*^-18, 2.405710841662505*^-18, 2.407026050221003*^-18, 2.410977327743758*^-18, 2.4174780899786916*^-18, 2.426464190361756*^-18, 2.4378518334551205*^-18, 2.451513924828676*^-18, 2.4672931117738815*^-18, 2.4850011224372766*^-18, 2.50441900452786*^-18, 2.525295844514453*^-18, 2.547350401977436*^-18, 2.5702717001803327*^-18, 2.593721253963183*^-18, 2.617336945969152*^-18, 2.6407371953024133*^-18, 2.6635270986516465*^-18, 2.6853059892191827*^-18, 2.7056758217258575*^-18, 2.7242503293048573*^-18, 2.7406664231693695*^-18, 2.7545933251753734*^-18, 2.7657441562640785*^-18, 2.773884038346458*^-18, 2.77883932646959*^-18, 2.7805031655105013*^-18, 2.7788393235678837*^-18, 2.7738840592455637*^-18, 2.765744212324528*^-18, 2.7545934694280747*^-18, 2.7406664165325872*^-18, 2.7242503851170513*^-18, 2.705675715353893*^-18, 2.685305957994056*^-18, 2.6635271662878363*^-18, 2.640737267179584*^-18, 2.6173369538977942*^-18, 2.593721318791453*^-18, 2.5702716751236313*^-18, 2.5473504225870806*^-18, 2.525295765166922*^-18, 2.504418944820109*^-18, 2.4850011920536475*^-18, 2.4672930898863163*^-18, 2.4515138889323494*^-18, 2.437851856870244*^-18, 2.426464170549445*^-18, 2.41747818565277*^-18, 2.4109772988345773*^-18, 2.4070261657993823*^-18, 2.405710930511209*^-18, 2.407026140924928*^-18, 2.410977302266415*^-18, 2.4174781086847485*^-18, 2.4264641983907592*^-18, 2.4378517903128137*^-18, 2.4515139836287008*^-18, 2.467293051496847*^-18, 2.485001184245641*^-18, 2.5044189397564448*^-18, 2.52529581053934*^-18, 2.5473504431665896*^-18, 2.5702716370892174*^-18, 2.59372127680274*^-18, 2.6173369539260145*^-18, 2.640737299842379*^-18, 2.6635270604976662*^-18, 2.6853059158587023*^-18, 2.705675760389514*^-18, 2.724250473482284*^-18, 2.7406664177095908*^-18, 2.754593407638392*^-18, 2.7657440643572147*^-18, 2.7738841213149547*^-18, 2.7788392621815954*^-18, 2.780503077987564*^-18}"
1.844,"{10.229377999300805, 10.56419827461565, 10.894998045937328, 11.219804532995703, 11.536760251294844, 11.844153294612397, 12.140440775665459, 12.42426476150747, 12.694460563632052, 12.950057720207003, 13.190274399720026, 13.414506237791585, 13.622310784524558, 13.813388795246368, 13.98756355999127, 14.14475935967242, 14.284979984495974, 14.408288076122384, 14.514785878985466, 14.60459782279524, 14.677855217310535, 14.734683227140914, 14.775190210039264, 14.799459445463377, 14.807543247750342, 14.799459445463375, 14.775190210039264, 14.734683227140913, 14.677855217310533, 14.60459782279524, 14.514785878985466, 14.408288076122382, 14.284979984495974, 14.14475935967242, 13.98756355999127, 13.813388795246368, 13.622310784524558, 13.414506237791585, 13.190274399720026, 12.950057720207004, 12.694460563632054, 12.424264761507468, 12.14044077566546, 11.844153294612395, 11.536760251294844, 11.2198045329957, 10.894998045937326, 10.564198274615649, 10.229377999300805, 9.892589352695621, 9.555923851029974, 9.221470371492941, 8.89127322448623, 8.567292462794088, 8.251368381097924, 7.945191812519681, 7.650281367411038, 7.367968238353787, 7.099388671782273, 6.845483732234232, 6.607005598910434, 6.3845293588944205, 6.178469103613342, 5.989097087359079, 5.816564751156942, 5.660924528436897, 5.522151505725553, 5.400164188558572, 5.294843800519427, 5.206051707178709, 5.1336446972377345, 5.07748796543751, 5.0374657245752505, 5.013489428860491, 5.00550362133531, 5.013489428860489, 5.037465724575251, 5.07748796543751, 5.1336446972377345, 5.206051707178711, 5.294843800519427, 5.400164188558572, 5.522151505725554, 5.660924528436898, 5.8165647511569425, 5.989097087359078, 6.178469103613343, 6.38452935889442, 6.607005598910436, 6.845483732234231, 7.099388671782274, 7.3679682383537894, 7.650281367411043, 7.945191812519685, 8.251368381097926, 8.56729246279409, 8.89127322448623, 9.221470371492941, 9.555923851029972, 9.89258935269562}","{9.555923851029961, 9.221470371492929, 8.89127322448622, 8.567292462794077, 8.251368381097913, 7.945191812519672, 7.65028136741103, 7.367968238353777, 7.099388671782264, 6.845483732234222, 6.607005598910425, 6.38452935889441, 6.178469103613332, 5.989097087359069, 5.816564751156932, 5.6609245284368885, 5.522151505725544, 5.400164188558561, 5.294843800519418, 5.206051707178703, 5.133644697237726, 5.077487965437501, 5.037465724575243, 5.01348942886048, 5.0055036213353015, 5.013489428860482, 5.037465724575244, 5.077487965437502, 5.1336446972377265, 5.206051707178703, 5.294843800519419, 5.400164188558562, 5.522151505725544, 5.6609245284368885, 5.816564751156932, 5.989097087359069, 6.178469103613332, 6.38452935889441, 6.607005598910425, 6.8454837322342215, 7.099388671782263, 7.367968238353778, 7.650281367411028, 7.945191812519672, 8.251368381097915, 8.567292462794079, 8.891273224486222, 9.221470371492932, 9.555923851029963, 9.89258935269561, 10.229377999300794, 10.564198274615638, 10.894998045937315, 11.219804532995692, 11.536760251294833, 11.844153294612386, 12.14044077566545, 12.42426476150746, 12.694460563632042, 12.950057720206994, 13.190274399720018, 13.414506237791574, 13.622310784524547, 13.81338879524636, 13.98756355999126, 14.14475935967241, 14.284979984495966, 14.408288076122373, 14.514785878985457, 14.604597822795233, 14.677855217310526, 14.734683227140906, 14.775190210039257, 14.799459445463368, 14.807543247750335, 14.799459445463366, 14.775190210039257, 14.734683227140904, 14.677855217310526, 14.604597822795231, 14.514785878985455, 14.408288076122371, 14.284979984495964, 14.144759359672411, 13.987563559991262, 13.813388795246357, 13.622310784524549, 13.414506237791576, 13.190274399720016, 12.950057720206994, 12.694460563632044, 12.424264761507455, 12.140440775665446, 11.844153294612385, 11.536760251294831, 11.21980453299569, 10.894998045937315, 10.564198274615638, 10.229377999300794, 9.89258935269561}","{7.362914542962514*^-14, 7.350320921691457*^-14, 7.329630357373295*^-14, 7.30127988206267*^-14, 7.265859750148436*^-14, 7.224093546909326*^-14, 7.176814854772419*^-14, 7.124941838852711*^-14, 7.06945107146191*^-14, 7.011351909640284*^-14, 6.951662441573888*^-14, 6.891387864836766*^-14, 6.831501807127252*^-14, 6.772930904668686*^-14, 6.716542670742901*^-14, 6.663136517906702*^-14, 6.613437601585498*^-14, 6.56809311864413*^-14, 6.527670581251614*^-14, 6.492657603340188*^-14, 6.463462729707667*^-14, 6.440416887805547*^-14, 6.423775097845854*^-14, 6.413718122925874*^-14, 6.410353835766338*^-14, 6.413718122579922*^-14, 6.423775095558334*^-14, 6.440416886937628*^-14, 6.463462730848665*^-14, 6.492657604347587*^-14, 6.527670581647003*^-14, 6.568093117495049*^-14, 6.613437601429553*^-14, 6.663136518271179*^-14, 6.71654267251056*^-14, 6.772930904270812*^-14, 6.831501806654475*^-14, 6.891387865021114*^-14, 6.951662441173621*^-14, 7.011351909112173*^-14, 7.069451071429362*^-14, 7.124941837848518*^-14, 7.176814853836999*^-14, 7.224093545680046*^-14, 7.265859750285943*^-14, 7.301279881348015*^-14, 7.329630357534278*^-14, 7.350320921087657*^-14, 7.362914543726985*^-14, 7.367142622875357*^-14, 7.362914542091905*^-14, 7.350320921607401*^-14, 7.329630357374688*^-14, 7.301279883684498*^-14, 7.265859751242467*^-14, 7.224093546236707*^-14, 7.176814854825198*^-14, 7.124941838706511*^-14, 7.069451074713345*^-14, 7.011351909031374*^-14, 6.951662440127988*^-14, 6.891387865567107*^-14, 6.83150180684308*^-14, 6.77293090156488*^-14, 6.716542671756394*^-14, 6.663136517104144*^-14, 6.613437601377037*^-14, 6.568093119948181*^-14, 6.527670580152207*^-14, 6.492657603552042*^-14, 6.463462729462299*^-14, 6.440416886474167*^-14, 6.423775096082031*^-14, 6.413718120467107*^-14, 6.410353835485367*^-14, 6.413718121166985*^-14, 6.423775097739841*^-14, 6.440416887870473*^-14, 6.463462728497531*^-14, 6.492657605609704*^-14, 6.527670580933828*^-14, 6.56809311721486*^-14, 6.613437603150184*^-14, 6.66313651840758*^-14, 6.716542670556341*^-14, 6.772930902650242*^-14, 6.831501807862329*^-14, 6.891387863252213*^-14, 6.951662441782071*^-14, 7.01135191201763*^-14, 7.069451071984704*^-14, 7.124941840490336*^-14, 7.17681485490361*^-14, 7.224093544409392*^-14, 7.265859750471145*^-14, 7.301279881359239*^-14, 7.329630356442762*^-14, 7.350320921200117*^-14, 7.362914541151194*^-14, 7.367142623001665*^-14}","{7.362914542961565*^-14, 7.350320921693239*^-14, 7.329630357373593*^-14, 7.301279882064109*^-14, 7.265859750148189*^-14, 7.224093546909377*^-14, 7.176814854773312*^-14, 7.124941838852681*^-14, 7.069451071464076*^-14, 7.011351909640763*^-14, 6.951662441574347*^-14, 6.891387864836589*^-14, 6.831501807127252*^-14, 6.772930904669044*^-14, 6.716542670743684*^-14, 6.663136517907985*^-14, 6.613437601585867*^-14, 6.56809311864524*^-14, 6.527670581253098*^-14, 6.492657603340102*^-14, 6.463462729706404*^-14, 6.440416887806965*^-14, 6.423775097847151*^-14, 6.41371812292589*^-14, 6.410353835766565*^-14, 6.413718122580003*^-14, 6.423775095559586*^-14, 6.440416886937875*^-14, 6.463462730849306*^-14, 6.492657604347562*^-14, 6.527670581646509*^-14, 6.568093117495427*^-14, 6.613437601429286*^-14, 6.66313651827131*^-14, 6.716542672510394*^-14, 6.772930904271281*^-14, 6.831501806655061*^-14, 6.891387865021301*^-14, 6.951662441174131*^-14, 7.011351909111886*^-14, 7.06945107142872*^-14, 7.124941837848992*^-14, 7.176814853837958*^-14, 7.224093545681505*^-14, 7.265859750286398*^-14, 7.301279881349005*^-14, 7.329630357534238*^-14, 7.350320921088374*^-14, 7.362914543727641*^-14, 7.367142622876104*^-14, 7.362914542093066*^-14, 7.350320921608285*^-14, 7.329630357375027*^-14, 7.301279883685533*^-14, 7.265859751242441*^-14, 7.224093546237697*^-14, 7.176814854825092*^-14, 7.124941838707818*^-14, 7.069451074714512*^-14, 7.011351909032687*^-14, 6.951662440128245*^-14, 6.891387865567036*^-14, 6.831501806843014*^-14, 6.772930901564693*^-14, 6.71654267175804*^-14, 6.663136517104255*^-14, 6.61343760137847*^-14, 6.568093119948984*^-14, 6.527670580153363*^-14, 6.492657603552375*^-14, 6.463462729463925*^-14, 6.440416886474959*^-14, 6.42377509608292*^-14, 6.413718120467198*^-14, 6.410353835485998*^-14, 6.413718121167338*^-14, 6.423775097740745*^-14, 6.440416887870882*^-14, 6.463462728498248*^-14, 6.492657605609406*^-14, 6.52767058093457*^-14, 6.568093117214154*^-14, 6.613437603150012*^-14, 6.663136518408332*^-14, 6.716542670557472*^-14, 6.772930902649959*^-14, 6.831501807862808*^-14, 6.89138786325237*^-14, 6.951662441783162*^-14, 7.011351912017903*^-14, 7.069451071986017*^-14, 7.124941840490144*^-14, 7.176814854902817*^-14, 7.224093544409781*^-14, 7.265859750471221*^-14, 7.301279881360122*^-14, 7.329630356442762*^-14, 7.350320921200717*^-14, 7.362914541151431*^-14, 7.367142623002221*^-14}"
1.883,"{10.222725588529705, 10.55065279813795, 10.874699146601236, 11.192958246977728, 11.503632009218633, 11.805059261456607, 12.095738055924334, 12.374341026631486, 12.639723642683638, 12.890925639101672, 13.127166270136025, 13.347834296106928, 13.552473775900658, 13.740766798316695, 13.912514260927814, 14.067615715110017, 14.206049162535113, 14.32785153278597, 14.433100411855808, 14.52189744095167, 14.594353673609584, 14.650577071881246, 14.690662241033522, 14.714682445899157, 14.722683917912981, 14.714682445899157, 14.690662241033522, 14.650577071881246, 14.594353673609582, 14.52189744095167, 14.433100411855808, 14.327851532785969, 14.206049162535113, 14.067615715110016, 13.912514260927814, 13.740766798316693, 13.552473775900658, 13.347834296106926, 13.127166270136025, 12.890925639101672, 12.639723642683638, 12.374341026631484, 12.095738055924338, 11.805059261456607, 11.503632009218633, 11.192958246977728, 10.874699146601232, 10.550652798137948, 10.222725588529705, 9.892898366842422, 9.563188908075674, 9.235612490777857, 8.912142562476502, 8.594673461149021, 8.28498699122073, 7.984724340197554, 7.695364405275725, 7.418209126769456, 7.154375948149162, 6.9047970870977124, 6.67022494372769, 6.451242712447054, 6.248279109941868, 6.061626077719664, 5.8914583485996515, 5.73785386191844, 5.6008141497163875, 5.48028397464405, 5.376169661857591, 5.288355718095866, 5.216719462281713, 5.161143498338475, 5.121525940887082, 5.097788359161428, 5.089881436787581, 5.097788359161428, 5.121525940887083, 5.161143498338475, 5.216719462281715, 5.2883557180958665, 5.376169661857592, 5.480283974644052, 5.600814149716389, 5.737853861918442, 5.8914583485996515, 6.061626077719663, 6.24827910994187, 6.451242712447054, 6.67022494372769, 6.904797087097712, 7.154375948149163, 7.418209126769457, 7.695364405275726, 7.984724340197555, 8.28498699122073, 8.594673461149027, 8.912142562476502, 9.235612490777857, 9.563188908075674, 9.892898366842422}","{9.563188908075649, 9.23561249077783, 8.912142562476474, 8.594673461148997, 8.284986991220704, 7.984724340197528, 7.6953644052757015, 7.418209126769432, 7.154375948149139, 6.904797087097688, 6.670224943727666, 6.45124271244703, 6.248279109941845, 6.06162607771964, 5.891458348599629, 5.737853861918418, 5.600814149716367, 5.4802839746440295, 5.3761696618575705, 5.288355718095845, 5.216719462281693, 5.161143498338454, 5.121525940887063, 5.097788359161408, 5.08988143678756, 5.097788359161408, 5.121525940887062, 5.161143498338454, 5.216719462281694, 5.288355718095845, 5.37616966185757, 5.48028397464403, 5.600814149716367, 5.73785386191842, 5.891458348599628, 6.061626077719641, 6.248279109941846, 6.451242712447032, 6.670224943727666, 6.904797087097688, 7.154375948149138, 7.418209126769435, 7.695364405275699, 7.984724340197529, 8.284986991220704, 8.594673461148997, 8.912142562476477, 9.235612490777832, 9.563188908075649, 9.892898366842395, 10.222725588529679, 10.550652798137923, 10.874699146601209, 11.192958246977701, 11.503632009218604, 11.805059261456583, 12.095738055924311, 12.374341026631463, 12.639723642683613, 12.890925639101647, 13.127166270136, 13.347834296106903, 13.552473775900635, 13.74076679831667, 13.91251426092779, 14.067615715109996, 14.206049162535091, 14.327851532785948, 14.433100411855786, 14.521897440951651, 14.594353673609564, 14.650577071881225, 14.6906622410335, 14.714682445899136, 14.722683917912962, 14.714682445899136, 14.690662241033502, 14.650577071881225, 14.594353673609563, 14.521897440951648, 14.433100411855786, 14.327851532785948, 14.20604916253509, 14.067615715109993, 13.912514260927791, 13.740766798316672, 13.552473775900635, 13.347834296106905, 13.127166270136001, 12.89092563910165, 12.639723642683611, 12.37434102663146, 12.09573805592431, 11.80505926145658, 11.503632009218606, 11.192958246977698, 10.874699146601209, 10.550652798137923, 10.22272558852968, 9.892898366842397}","{-1.0627582586149132*^-12, -1.0610432424160401*^-12, -1.058225087686467*^-12, -1.0543626245861765*^-12, -1.0495353742139843*^-12, -1.0438409428262756*^-12, -1.037391918128995*^-12, -1.030312514857603*^-12, -1.0227350937860954*^-12, -1.0147967358902017*^-12, -1.0066360108737819*^-12, -9.983900582359556*^-13, -9.901920406550698*^-13, -9.821690192275398*^-13, -9.744402567021406*^-13, -9.671159506891401*^-13, -9.602963209008206*^-13, -9.54071043250959*^-13, -9.485189486241857*^-13, -9.437079225598102*^-13, -9.39694964974624*^-13, -9.36526338127262*^-13, -9.34237669061213*^-13, -9.328545103132816*^-13, -9.323917881198588*^-13, -9.328545103116272*^-13, -9.342376691804303*^-13, -9.365263381204377*^-13, -9.396949638350792*^-13, -9.437079225487466*^-13, -9.485189486207735*^-13, -9.540710421078472*^-13, -9.602963201015573*^-13, -9.671159499659775*^-13, -9.744402566862174*^-13, -9.821690189003898*^-13, -9.90192040716488*^-13, -9.98390059395818*^-13, -1.0066360108793653*^-12, -1.0147967358193227*^-12, -1.0227350939821372*^-12, -1.030312514504035*^-12, -1.0373919177219704*^-12, -1.0438409426126045*^-12, -1.0495353742217908*^-12, -1.0543626232908117*^-12, -1.0582250895447283*^-12, -1.0610432438581261*^-12, -1.0627582586238571*^-12, -1.0633339921382876*^-12, -1.0627582564732392*^-12, -1.0610432438579193*^-12, -1.058225088102849*^-12, -1.0543626238148306*^-12, -1.0495353750631886*^-12, -1.0438409404942984*^-12, -1.0373919182746304*^-12, -1.0303125153177222*^-12, -1.0227350935507625*^-12, -1.014796735803296*^-12, -1.0066360098156628*^-12, -9.98390059106615*^-13, -9.90192041005536*^-13, -9.8216901667972*^-13, -9.744402566216456*^-13, -9.671159494547281*^-13, -9.602963197074575*^-13, -9.540710426617997*^-13, -9.485189485140672*^-13, -9.43707921058529*^-13, -9.396949633994136*^-13, -9.365263395586463*^-13, -9.342376698983197*^-13, -9.32854510510254*^-13, -9.32391787527339*^-13, -9.328545106397594*^-13, -9.34237669903231*^-13, -9.365263394070138*^-13, -9.396949650399712*^-13, -9.43707922785527*^-13, -9.485189484824276*^-13, -9.540710425138377*^-13, -9.602963207822236*^-13, -9.671159512964975*^-13, -9.744402567362101*^-13, -9.821690190994819*^-13, -9.901920409599893*^-13, -9.983900576834507*^-13, -1.0066360099261948*^-12, -1.0147967359940129*^-12, -1.0227350931033612*^-12, -1.030312514700904*^-12, -1.037391918090014*^-12, -1.0438409421740954*^-12, -1.0495353750216228*^-12, -1.0543626228356555*^-12, -1.0582250880248356*^-12, -1.0610432435700605*^-12, -1.0627582564870945*^-12, -1.0633339910731375*^-12}","{-1.0627582586150166*^-12, -1.0610432424163503*^-12, -1.058225087685433*^-12, -1.05436262458659*^-12, -1.049535374213519*^-12, -1.0438409428267409*^-12, -1.037391918129667*^-12, -1.0303125148574479*^-12, -1.022735093785992*^-12, -1.0147967358908221*^-12, -1.0066360108741438*^-12, -9.98390058235542*^-13, -9.901920406555868*^-13, -9.821690192283153*^-13, -9.74440256701055*^-13, -9.671159506897088*^-13, -9.60296320900407*^-13, -9.540710432503904*^-13, -9.485189486238238*^-13, -9.437079225595517*^-13, -9.396949649745205*^-13, -9.365263381270035*^-13, -9.342376690605925*^-13, -9.328545103134884*^-13, -9.323917881206343*^-13, -9.328545103112653*^-13, -9.342376691802235*^-13, -9.365263381206962*^-13, -9.396949638352343*^-13, -9.437079225484364*^-13, -9.485189486205668*^-13, -9.540710421078988*^-13, -9.602963201013505*^-13, -9.671159499663394*^-13, -9.74440256686631*^-13, -9.821690189008034*^-13, -9.901920407165397*^-13, -9.983900593960764*^-13, -1.0066360108782797*^-12, -1.0147967358196846*^-12, -1.0227350939820855*^-12, -1.030312514503673*^-12, -1.0373919177214017*^-12, -1.0438409426125528*^-12, -1.0495353742223078*^-12, -1.0543626232906566*^-12, -1.0582250895446766*^-12, -1.0610432438577643*^-12, -1.062758258623702*^-12, -1.0633339921384944*^-12, -1.0627582564726705*^-12, -1.061043243857299*^-12, -1.0582250881019185*^-12, -1.0543626238150374*^-12, -1.0495353750636022*^-12, -1.0438409404949187*^-12, -1.0373919182744236*^-12, -1.0303125153171535*^-12, -1.0227350935504523*^-12, -1.0147967358024689*^-12, -1.0066360098151975*^-12, -9.98390059106253*^-13, -9.901920410056393*^-13, -9.8216901667972*^-13, -9.744402566212837*^-13, -9.671159494543663*^-13, -9.602963197071473*^-13, -9.540710426618514*^-13, -9.485189485133952*^-13, -9.437079210590977*^-13, -9.396949633984313*^-13, -9.365263395596803*^-13, -9.34237669897596*^-13, -9.32854510510254*^-13, -9.323917875282696*^-13, -9.328545106397077*^-13, -9.34237669903231*^-13, -9.365263394071689*^-13, -9.396949650401263*^-13, -9.4370792278501*^-13, -9.485189484817038*^-13, -9.540710425130623*^-13, -9.602963207820168*^-13, -9.671159512962907*^-13, -9.744402567366754*^-13, -9.821690190993268*^-13, -9.901920409589553*^-13, -9.983900576830888*^-13, -1.0066360099271253*^-12, -1.0147967359943748*^-12, -1.0227350931037748*^-12, -1.0303125146997666*^-12, -1.0373919180894454*^-12, -1.0438409421730614*^-12, -1.0495353750210024*^-12, -1.0543626228355521*^-12, -1.0582250880243703*^-12, -1.0610432435700088*^-12, -1.0627582564876115*^-12, -1.0633339910726722*^-12}"
1.922,"{10.216335805379922, 10.537647176958172, 10.855208337821939, 11.167175155033883, 11.471805393293703, 11.767485804036454, 12.052753372762863, 12.326310121188286, 12.587031296080035, 12.833967179205347, 13.066339089767775, 13.283530401268228, 13.485073550860163, 13.67063408439816, 13.839992766659305, 13.993026711198636, 14.12969036765073, 14.249997065070328, 14.354001664645034, 14.441784736738017, 14.51343855470738, 14.569055096538133, 14.60871616704241, 14.632485697737524, 14.640404246160395, 14.632485697737524, 14.60871616704241, 14.569055096538131, 14.51343855470738, 14.441784736738017, 14.354001664645034, 14.249997065070328, 14.12969036765073, 13.993026711198635, 13.839992766659305, 13.670634084398158, 13.485073550860163, 13.283530401268226, 13.066339089767776, 12.833967179205347, 12.587031296080037, 12.326310121188284, 12.052753372762863, 11.767485804036452, 11.471805393293701, 11.167175155033883, 10.855208337821937, 10.537647176958169, 10.216335805379924, 9.893188352358395, 9.570153630934335, 9.249178088876397, 8.932168841153757, 8.620958596662183, 8.317274138774767, 8.02270973704281, 7.738706489920701, 7.46653816895634, 7.207303699195177, 6.9619260101994485, 6.731156659427282, 6.515585384870759, 6.315653594121972, 6.131670738333336, 5.963832539167175, 5.812240116861264, 5.676919188093816, 5.557838644292953, 5.454927967929137, 5.3680930833637195, 5.29723036119948, 5.242238595738645, 5.203028852243816, 5.179532134860597, 5.171704859750256, 5.179532134860597, 5.203028852243817, 5.242238595738645, 5.297230361199481, 5.36809308336372, 5.454927967929138, 5.5578386442929535, 5.676919188093817, 5.812240116861265, 5.963832539167175, 6.1316707383333355, 6.315653594121972, 6.515585384870759, 6.731156659427283, 6.961926010199449, 7.207303699195176, 7.466538168956342, 7.738706489920703, 8.022709737042812, 8.317274138774769, 8.620958596662184, 8.932168841153757, 9.249178088876395, 9.570153630934337, 9.893188352358395}","{9.570153630934332, 9.249178088876388, 8.932168841153752, 8.620958596662176, 8.317274138774762, 8.0227097370428, 7.738706489920698, 7.466538168956336, 7.207303699195171, 6.961926010199442, 6.731156659427278, 6.515585384870754, 6.315653594121967, 6.13167073833333, 5.9638325391671705, 5.8122401168612585, 5.6769191880938115, 5.557838644292949, 5.454927967929134, 5.368093083363716, 5.297230361199476, 5.242238595738639, 5.20302885224381, 5.179532134860593, 5.1717048597502515, 5.179532134860593, 5.203028852243811, 5.24223859573864, 5.297230361199477, 5.368093083363716, 5.454927967929133, 5.557838644292949, 5.676919188093812, 5.812240116861261, 5.96383253916717, 6.131670738333332, 6.315653594121966, 6.515585384870754, 6.731156659427277, 6.961926010199443, 7.20730369919517, 7.466538168956339, 7.7387064899206965, 8.022709737042803, 8.317274138774762, 8.620958596662176, 8.932168841153754, 9.249178088876391, 9.570153630934332, 9.89318835235839, 10.216335805379918, 10.537647176958163, 10.855208337821933, 11.167175155033876, 11.471805393293698, 11.767485804036445, 12.052753372762858, 12.326310121188282, 12.587031296080031, 12.83396717920534, 13.066339089767771, 13.283530401268221, 13.485073550860157, 13.670634084398154, 13.8399927666593, 13.993026711198631, 14.129690367650724, 14.249997065070325, 14.35400166464503, 14.441784736738011, 14.513438554707376, 14.569055096538127, 14.608716167042404, 14.632485697737518, 14.64040424616039, 14.632485697737518, 14.608716167042404, 14.569055096538127, 14.513438554707376, 14.441784736738011, 14.354001664645029, 14.249997065070325, 14.129690367650724, 13.993026711198631, 13.8399927666593, 13.670634084398154, 13.485073550860157, 13.283530401268223, 13.06633908976777, 12.83396717920534, 12.587031296080031, 12.326310121188278, 12.052753372762856, 11.767485804036442, 11.471805393293696, 11.167175155033874, 10.855208337821933, 10.537647176958167, 10.216335805379916, 9.89318835235839}","{8.075514195698649*^-21, 8.062811475595775*^-21, 8.041936905289796*^-21, 8.013320775888553*^-21, 7.9775493712585*^-21, 7.935338831617794*^-21, 7.887518082292405*^-21, 7.835003908201838*^-21, 7.778771281345851*^-21, 7.719836175973554*^-21, 7.65922287029484*^-21, 7.597949247420111*^-21, 7.537001316182258*^-21, 7.47732886454687*^-21, 7.419820017900289*^-21, 7.365296813408109*^-21, 7.31451163498961*^-21, 7.268134650316502*^-21, 7.226759646605789*^-21, 7.190896078985534*^-21, 7.160975141655048*^-21, 7.137343477061506*^-21, 7.120273248972503*^-21, 7.109954316267523*^-21, 7.106502763866*^-21, 7.109954272580403*^-21, 7.120273289774581*^-21, 7.13734431345234*^-21, 7.160975186601053*^-21, 7.19089600994865*^-21, 7.226759233056148*^-21, 7.268135444725144*^-21, 7.31451122064822*^-21, 7.3652976450574*^-21, 7.419820841274822*^-21, 7.47733013180704*^-21, 7.537000920707374*^-21, 7.597947165410493*^-21, 7.659222864042115*^-21, 7.719835745814597*^-21, 7.778770447308696*^-21, 7.835004733517612*^-21, 7.887517619911292*^-21, 7.935338027464523*^-21, 7.977547652423803*^-21, 8.013321728193888*^-21, 8.041936086738562*^-21, 8.06281144094348*^-21, 8.075514177685041*^-21, 8.079778515384474*^-21, 8.075514168805926*^-21, 8.062813116545577*^-21, 8.041936899221383*^-21, 8.01332165423163*^-21, 7.977549307394663*^-21, 7.93533883896955*^-21, 7.887517240338137*^-21, 7.835001792909935*^-21, 7.778771254528914*^-21, 7.719835638699862*^-21, 7.659222852925359*^-21, 7.597947616314026*^-21, 7.537000907074005*^-21, 7.477329257506682*^-21, 7.41981909035105*^-21, 7.365297676177828*^-21, 7.314512926494253*^-21, 7.268134186055103*^-21, 7.226759237727877*^-21, 7.19089647741961*^-21, 7.160974373548157*^-21, 7.13734308551234*^-21, 7.120274476200005*^-21, 7.109953403716753*^-21, 7.106502743941773*^-21, 7.109955102153348*^-21, 7.120272818426338*^-21, 7.137344689184516*^-21, 7.16097600383004*^-21, 7.190897285545304*^-21, 7.226758373983926*^-21, 7.268135031293852*^-21, 7.314511216100136*^-21, 7.36529594140346*^-21, 7.419820004931462*^-21, 7.477327599934179*^-21, 7.53700168886251*^-21, 7.597950062738864*^-21, 7.659222863851544*^-21, 7.719836539014719*^-21, 7.778771297157833*^-21, 7.835001777388*^-21, 7.887516355055645*^-21, 7.935337964779355*^-21, 7.97754842316373*^-21, 8.013321688166612*^-21, 8.041936036113856*^-21, 8.062811452985165*^-21, 8.075513368422086*^-21, 8.079777649786046*^-21}","{8.07551419569836*^-21, 8.062811475595967*^-21, 8.041936905290374*^-21, 8.013320775888553*^-21, 7.977549371258789*^-21, 7.935338831617601*^-21, 7.887518082293656*^-21, 7.835003908201068*^-21, 7.778771281345563*^-21, 7.719836175973554*^-21, 7.659222870295417*^-21, 7.59794924741934*^-21, 7.537001316182162*^-21, 7.477328864545907*^-21, 7.419820017900097*^-21, 7.365296813408398*^-21, 7.31451163498961*^-21, 7.268134650316502*^-21, 7.22675964660656*^-21, 7.190896078986979*^-21, 7.160975141654663*^-21, 7.137343477060158*^-21, 7.120273248972311*^-21, 7.10995431626762*^-21, 7.106502763867059*^-21, 7.109954272580114*^-21, 7.120273289774774*^-21, 7.137344313451762*^-21, 7.16097518660115*^-21, 7.190896009949131*^-21, 7.226759233055956*^-21, 7.26813544472476*^-21, 7.314511220648124*^-21, 7.365297645057977*^-21, 7.419820841273763*^-21, 7.477330131806558*^-21, 7.537000920707759*^-21, 7.597947165410493*^-21, 7.659222864041923*^-21, 7.719835745814115*^-21, 7.7787704473086*^-21, 7.835004733517708*^-21, 7.887517619911484*^-21, 7.935338027463849*^-21, 7.977547652423995*^-21, 8.01332172819408*^-21, 8.041936086739043*^-21, 8.06281144094377*^-21, 8.075514177685522*^-21, 8.079778515384956*^-21, 8.075514168806408*^-21, 8.062813116545673*^-21, 8.041936899221287*^-21, 8.013321654231341*^-21, 7.977549307394182*^-21, 7.935338838968683*^-21, 7.887517240337559*^-21, 7.835001792909165*^-21, 7.778771254528721*^-21, 7.719835638700633*^-21, 7.659222852926322*^-21, 7.597947616313256*^-21, 7.537000907074679*^-21, 7.477329257508319*^-21, 7.419819090351146*^-21, 7.36529767617802*^-21, 7.314512926494446*^-21, 7.268134186056066*^-21, 7.226759237727973*^-21, 7.190896477419225*^-21, 7.160974373548735*^-21, 7.137343085512052*^-21, 7.120274476199138*^-21, 7.109953403717234*^-21, 7.106502743942447*^-21, 7.109955102153926*^-21, 7.120272818426338*^-21, 7.137344689185576*^-21, 7.160976003829751*^-21, 7.190897285545496*^-21, 7.226758373984023*^-21, 7.268135031293949*^-21, 7.314511216101196*^-21, 7.365295941401726*^-21, 7.419820004931558*^-21, 7.47732759993466*^-21, 7.537001688862317*^-21, 7.597950062738864*^-21, 7.659222863851352*^-21, 7.719836539013852*^-21, 7.778771297157351*^-21, 7.835001777388385*^-21, 7.887516355056608*^-21, 7.935337964779644*^-21, 7.977548423162381*^-21, 8.013321688166612*^-21, 8.041936036115012*^-21, 8.062811452985839*^-21, 8.07551336842276*^-21, 8.079777649787009*^-21}"
1.9609999999999999,"{10.210193451063283, 10.52514986754891, 10.836478522052754, 11.142393749121888, 11.441205917303767, 11.731347102709668, 12.01139134796801, 12.280068931408822, 12.536274469640157, 12.779069047374058, 13.007676881430124, 13.221477261864601, 13.419992664058979, 13.602873993572926, 13.769883920843743, 13.920879200719433, 14.055792769856968, 14.174616290438998, 14.277383676636799, 14.364156012843466, 14.435008158490502, 14.490017238428168, 14.529253142622334, 14.552771104148418, 14.560606388222668, 14.55277110414842, 14.52925314262233, 14.490017238428168, 14.435008158490502, 14.364156012843464, 14.277383676636799, 14.174616290438998, 14.055792769856968, 13.920879200719432, 13.769883920843744, 13.602873993572924, 13.419992664058979, 13.2214772618646, 13.007676881430124, 12.779069047374058, 12.536274469640157, 12.280068931408822, 12.01139134796801, 11.731347102709666, 11.441205917303767, 11.142393749121885, 10.836478522052754, 10.525149867548908, 10.210193451063283, 9.893460847208884, 9.576836264138713, 9.26220166568571, 8.951401969334132, 8.646211993311097, 8.348306687476688, 8.059235926958296, 7.7804048047121555, 7.5130599679269165, 7.258282144364531, 7.016984635915443, 6.789917247376823, 6.577674887567916, 6.380709934813339, 6.1993473967308566, 6.033801904436301, 5.884195648049481, 5.750576466033049, 5.632935428114304, 5.53122338518865, 5.445366087725879, 5.3752775883769095, 5.320871739689276, 5.28207167201409, 5.258817190110878, 5.251070061660306, 5.258817190110879, 5.28207167201409, 5.3208717396892755, 5.3752775883769095, 5.445366087725879, 5.531223385188651, 5.632935428114306, 5.75057646603305, 5.884195648049482, 6.0338019044363005, 6.199347396730856, 6.380709934813338, 6.577674887567914, 6.789917247376824, 7.016984635915442, 7.258282144364531, 7.51305996792692, 7.780404804712157, 8.059235926958298, 8.34830668747669, 8.6462119933111, 8.951401969334132, 9.26220166568571, 9.576836264138713, 9.893460847208882}","{9.576836264138686, 9.262201665685684, 8.951401969334107, 8.64621199331107, 8.348306687476663, 8.05923592695827, 7.78040480471213, 7.513059967926895, 7.258282144364507, 7.016984635915418, 6.7899172473768, 6.577674887567891, 6.380709934813314, 6.199347396730833, 6.033801904436279, 5.884195648049459, 5.750576466033028, 5.632935428114283, 5.531223385188629, 5.445366087725857, 5.375277588376888, 5.320871739689254, 5.282071672014069, 5.258817190110858, 5.251070061660284, 5.258817190110858, 5.28207167201407, 5.320871739689254, 5.375277588376888, 5.445366087725858, 5.531223385188629, 5.632935428114284, 5.750576466033028, 5.88419564804946, 6.033801904436278, 6.1993473967308335, 6.380709934813315, 6.577674887567892, 6.789917247376799, 7.016984635915418, 7.258282144364507, 7.513059967926895, 7.780404804712131, 8.059235926958271, 8.348306687476663, 8.646211993311073, 8.951401969334107, 9.262201665685685, 9.576836264138686, 9.893460847208857, 10.210193451063258, 10.525149867548883, 10.83647852205273, 11.142393749121862, 11.441205917303742, 11.731347102709641, 12.011391347967985, 12.280068931408799, 12.536274469640132, 12.779069047374033, 13.0076768814301, 13.221477261864575, 13.419992664058954, 13.602873993572901, 13.769883920843721, 13.92087920071941, 14.055792769856946, 14.174616290438978, 14.277383676636777, 14.364156012843443, 14.435008158490481, 14.490017238428146, 14.529253142622311, 14.552771104148398, 14.560606388222649, 14.552771104148398, 14.529253142622311, 14.490017238428146, 14.435008158490481, 14.364156012843445, 14.277383676636775, 14.174616290438975, 14.055792769856946, 13.92087920071941, 13.769883920843721, 13.602873993572903, 13.419992664058954, 13.221477261864576, 13.007676881430099, 12.779069047374033, 12.536274469640132, 12.280068931408797, 12.011391347967983, 11.73134710270964, 11.44120591730374, 11.142393749121858, 10.836478522052728, 10.525149867548883, 10.210193451063256, 9.893460847208857}","{1.6347280505699906*^-17, 1.632256442227739*^-17, 1.6281939878876557*^-17, 1.6226239774216724*^-17, 1.6156591799222907*^-17, 1.6074382139391843*^-17, 1.5981213392669916*^-17, 1.5878857661107443*^-17, 1.576920844465105*^-17, 1.565423300973122*^-17, 1.5535926604221838*^-17, 1.541627066670416*^-17, 1.5297196610157315*^-17, 1.518055398207867*^-17, 1.506808626086756*^-17, 1.496141026262234*^-17, 1.4862002445366963*^-17, 1.477118907120121*^-17, 1.4690139972554787*^-17, 1.461986617285456*^-17, 1.4561219217330283*^-17, 1.451489194536237*^-17, 1.4481420331235872*^-17, 1.4461185511155145*^-17, 1.4454415315755665*^-17, 1.4461185580137235*^-17, 1.4481420298917374*^-17, 1.4514891936290937*^-17, 1.4561219261633525*^-17, 1.4619866111886088*^-17, 1.4690139975106358*^-17, 1.4771189086363658*^-17, 1.4862002448001167*^-17, 1.4961410176184878*^-17, 1.506808631158185*^-17, 1.518055393062492*^-17, 1.5297196503987065*^-17, 1.541627069407019*^-17, 1.5535926525493693*^-17, 1.565423310783707*^-17, 1.57692084411066*^-17, 1.5878857661438543*^-17, 1.5981213395048825*^-17, 1.6074382293621102*^-17, 1.615659180217342*^-17, 1.6226239774546098*^-17, 1.6281939837264144*^-17, 1.632256449500748*^-17, 1.6347280522240026*^-17, 1.635557665034557*^-17, 1.634728050801563*^-17, 1.632256448032005*^-17, 1.6281939975232638*^-17, 1.6226239776020603*^-17, 1.6156591726203353*^-17, 1.6074382145661833*^-17, 1.5981213341194573*^-17, 1.587885764758055*^-17, 1.5769208429136376*^-17, 1.5654232960272477*^-17, 1.5535926651468444*^-17, 1.5416270739824195*^-17, 1.5297196704073128*^-17, 1.5180553943124397*^-17, 1.506808623633152*^-17, 1.4961410288305728*^-17, 1.486200256756174*^-17, 1.4771189027818568*^-17, 1.469013991627395*^-17, 1.4619866179463414*^-17, 1.456121922247134*^-17, 1.4514891937122002*^-17, 1.4481420244723395*^-17, 1.4461185553666982*^-17, 1.4454415279739654*^-17, 1.4461185530938667*^-17, 1.4481420412947662*^-17, 1.4514891881099837*^-17, 1.4561219223523877*^-17, 1.4619866162479953*^-17, 1.4690140086101454*^-17, 1.4771189121364085*^-17, 1.4862002400782813*^-17, 1.4961410249798863*^-17, 1.5068086097975327*^-17, 1.51805539647913*^-17, 1.5297196607047058*^-17, 1.5416270830055215*^-17, 1.5535926746081857*^-17, 1.5654233113579976*^-17, 1.5769208562336427*^-17, 1.5878857532288207*^-17, 1.5981213458400297*^-17, 1.6074382219614165*^-17, 1.6156591669387076*^-17, 1.622623978057901*^-17, 1.628193982167613*^-17, 1.632256449658476*^-17, 1.6347280505515263*^-17, 1.63555765886884*^-17}","{1.6347280505697933*^-17, 1.6322564422277685*^-17, 1.6281939878874413*^-17, 1.6226239774217538*^-17, 1.6156591799221575*^-17, 1.6074382139390956*^-17, 1.598121339266681*^-17, 1.5878857661104805*^-17, 1.5769208444648216*^-17, 1.5654233009727276*^-17, 1.5535926604221764*^-17, 1.5416270666704062*^-17, 1.529719661015724*^-17, 1.5180553982078866*^-17, 1.5068086260869188*^-17, 1.4961410262620195*^-17, 1.486200244536531*^-17, 1.4771189071200322*^-17, 1.4690139972555995*^-17, 1.4619866172853228*^-17, 1.456121921732905*^-17, 1.4514891945361802*^-17, 1.4481420331237967*^-17, 1.4461185511152236*^-17, 1.4454415315752362*^-17, 1.4461185580138738*^-17, 1.4481420298917966*^-17, 1.4514891936291652*^-17, 1.4561219261637568*^-17, 1.461986611188567*^-17, 1.4690139975101797*^-17, 1.477118908636383*^-17, 1.4862002448000255*^-17, 1.4961410176185716*^-17, 1.5068086311584735*^-17, 1.5180553930625783*^-17, 1.5297196503988075*^-17, 1.5416270694072555*^-17, 1.5535926525492312*^-17, 1.5654233107838573*^-17, 1.5769208441106527*^-17, 1.5878857661435412*^-17, 1.5981213395046902*^-17, 1.6074382293622433*^-17, 1.6156591802177043*^-17, 1.622623977454669*^-17, 1.628193983726592*^-17, 1.632256449500541*^-17, 1.6347280522239262*^-17, 1.6355576650344337*^-17, 1.6347280508011194*^-17, 1.6322564480320838*^-17, 1.6281939975232885*^-17, 1.622623977601688*^-17, 1.6156591726204166*^-17, 1.6074382145657642*^-17, 1.5981213341194992*^-17, 1.587885764758119*^-17, 1.5769208429135636*^-17, 1.5654232960271713*^-17, 1.5535926651464697*^-17, 1.541627073982358*^-17, 1.5297196704075643*^-17, 1.5180553943124372*^-17, 1.506808623633024*^-17, 1.4961410288305654*^-17, 1.4862002567561493*^-17, 1.4771189027814944*^-17, 1.469013991627385*^-17, 1.4619866179461146*^-17, 1.4561219222471413*^-17, 1.4514891937124024*^-17, 1.4481420244723764*^-17, 1.4461185553663778*^-17, 1.4454415279740517*^-17, 1.446118553094086*^-17, 1.448142041295178*^-17, 1.4514891881100232*^-17, 1.4561219223520327*^-17, 1.461986616247845*^-17, 1.469014008609894*^-17, 1.4771189121362458*^-17, 1.4862002400784316*^-17, 1.4961410249799258*^-17, 1.506808609797444*^-17, 1.5180553964792877*^-17, 1.5297196607051594*^-17, 1.5416270830055782*^-17, 1.5535926746080575*^-17, 1.5654233113579015*^-17, 1.5769208562334652*^-17, 1.5878857532286383*^-17, 1.5981213458403033*^-17, 1.6074382219610615*^-17, 1.6156591669386805*^-17, 1.6226239780575954*^-17, 1.628193982167248*^-17, 1.6322564496584487*^-17, 1.6347280505512724*^-17, 1.635557658868766*^-17}"
2.,"{10.20428447275357, 10.513131728647865, 10.818466174929396, 11.118557142992024, 11.411764614277137, 11.696563583971734, 11.971563396326284, 12.235521503432171, 12.487351464587446, 12.726125345369079, 12.951070966786137, 13.161564677279147, 13.357120465815905, 13.537376304159107, 13.702078609128094, 13.851065664732166, 13.984250755026615, 14.101605647034066, 14.203144943016907, 14.288911704038258, 14.358964640266498, 14.413367072955584, 14.452177800838568, 14.475443949941562, 14.48319584899737, 14.475443949941562, 14.452177800838568, 14.413367072955584, 14.358964640266498, 14.288911704038258, 14.203144943016907, 14.101605647034066, 13.984250755026613, 13.851065664732165, 13.702078609128094, 13.537376304159107, 13.357120465815905, 13.161564677279147, 12.951070966786137, 12.726125345369079, 12.487351464587446, 12.235521503432171, 11.971563396326285, 11.696563583971734, 11.411764614277136, 11.118557142992023, 10.818466174929396, 10.513131728647862, 10.20428447275357, 9.893717236416672, 9.583253603583103, 9.274715025638917, 8.969888004766608, 8.670492895866602, 8.378155749138429, 8.094384383087613, 7.820549565665171, 7.55787182389565, 7.307414036492815, 7.07007962357177, 6.846615859679529, 6.637621618583599, 6.443558718041313, 6.264765968329456, 6.1014750306055126, 5.953827246480121, 5.821890692694711, 5.705676828841866, 5.605156227726077, 5.520272996073391, 5.450957599833737, 5.397137898332726, 5.358748262793584, 5.33573670725354, 5.328069995305699, 5.33573670725354, 5.358748262793583, 5.397137898332726, 5.450957599833737, 5.520272996073392, 5.605156227726077, 5.705676828841866, 5.821890692694713, 5.953827246480121, 6.101475030605512, 6.264765968329457, 6.443558718041312, 6.637621618583599, 6.846615859679531, 7.070079623571769, 7.307414036492815, 7.557871823895652, 7.820549565665174, 8.094384383087617, 8.378155749138429, 8.670492895866603, 8.969888004766608, 9.274715025638917, 9.583253603583103, 9.893717236416673}","{9.583253603583133, 9.274715025638947, 8.969888004766636, 8.670492895866632, 8.378155749138458, 8.094384383087643, 7.820549565665202, 7.557871823895678, 7.307414036492843, 7.070079623571796, 6.846615859679557, 6.637621618583625, 6.443558718041339, 6.264765968329484, 6.101475030605537, 5.953827246480146, 5.821890692694736, 5.705676828841888, 5.605156227726101, 5.520272996073415, 5.450957599833761, 5.397137898332751, 5.358748262793606, 5.335736707253562, 5.328069995305723, 5.335736707253562, 5.358748262793606, 5.39713789833275, 5.450957599833761, 5.520272996073415, 5.605156227726102, 5.70567682884189, 5.821890692694739, 5.953827246480147, 6.101475030605538, 6.264765968329483, 6.44355871804134, 6.637621618583625, 6.846615859679558, 7.070079623571796, 7.307414036492843, 7.557871823895679, 7.8205495656652015, 8.094384383087643, 8.378155749138458, 8.670492895866634, 8.969888004766638, 9.274715025638951, 9.583253603583133, 9.893717236416702, 10.204284472753601, 10.513131728647895, 10.818466174929426, 11.118557142992055, 11.411764614277166, 11.696563583971765, 11.971563396326314, 12.2355215034322, 12.487351464587473, 12.726125345369105, 12.951070966786165, 13.161564677279175, 13.35712046581593, 13.537376304159135, 13.702078609128119, 13.85106566473219, 13.98425075502664, 14.10160564703409, 14.203144943016932, 14.288911704038282, 14.358964640266523, 14.413367072955609, 14.45217780083859, 14.475443949941585, 14.483195848997394, 14.475443949941585, 14.452177800838593, 14.413367072955609, 14.358964640266523, 14.288911704038282, 14.203144943016932, 14.10160564703409, 13.98425075502664, 13.851065664732191, 13.70207860912812, 13.537376304159132, 13.357120465815932, 13.161564677279173, 12.951070966786164, 12.726125345369107, 12.487351464587473, 12.235521503432198, 11.971563396326314, 11.696563583971761, 11.411764614277164, 11.118557142992051, 10.818466174929426, 10.513131728647895, 10.204284472753603, 9.893717236416702}","{4.903262018627831*^-17, 4.8961179922712926*^-17, 4.8843741935107097*^-17, 4.868269373068626*^-17, 4.848126888219496*^-17, 4.8243445662541833*^-17, 4.797382749181554*^-17, 4.7677511608064036*^-17, 4.735995169805707*^-17, 4.702682154032781*^-17, 4.6683885145065004*^-17, 4.633687692914559*^-17, 4.5991395698868767*^-17, 4.5652814424388755*^-17, 4.532620579254388*^-17, 4.5016284269491203*^-17, 4.472736240942301*^-17, 4.446332102280996*^-17, 4.422758979412946*^-17, 4.4023136911579185*^-17, 4.3852465235790783*^-17, 4.3717610856605504*^-17, 4.362013610741071*^-17, 4.356139443934769*^-17, 4.354202120466687*^-17, 4.3561394416340953*^-17, 4.3620136095890384*^-17, 4.371761084249771*^-17, 4.385246522750429*^-17, 4.40231369410957*^-17, 4.422758976459086*^-17, 4.446332104901306*^-17, 4.4727362401217576*^-17, 4.501628424373391*^-17, 4.5326205824662847*^-17, 4.565281445301218*^-17, 4.599139572996645*^-17, 4.633687692216348*^-17, 4.6683885143589834*^-17, 4.702682155567904*^-17, 4.7359951696813926*^-17, 4.7677511627005277*^-17, 4.797382751698188*^-17, 4.8243445611214007*^-17, 4.848126891241149*^-17, 4.868269376740241*^-17, 4.8843741890001706*^-17, 4.896117989824601*^-17, 4.903262019343062*^-17, 4.905659821720588*^-17, 4.9032620247607416*^-17, 4.896117990025179*^-17, 4.884374195377352*^-17, 4.868269373528611*^-17, 4.8481268882274736*^-17, 4.824344562995951*^-17, 4.7973827493525394*^-17, 4.7677511636134567*^-17, 4.7359951662127614*^-17, 4.702682151444213*^-17, 4.668388514078011*^-17, 4.6336876943587166*^-17, 4.5991395682669804*^-17, 4.565281442316592*^-17, 4.5326205763624635*^-17, 4.5016284253115634*^-17, 4.472736240947123*^-17, 4.44633210379978*^-17, 4.422758977351564*^-17, 4.4023136910418376*^-17, 4.385246525433158*^-17, 4.371761089176237*^-17, 4.3620136132383977*^-17, 4.356139443109196*^-17, 4.354202116688773*^-17, 4.356139440727507*^-17, 4.362013610974643*^-17, 4.371761091342262*^-17, 4.3852465254222025*^-17, 4.4023136888472364*^-17, 4.4227589751192256*^-17, 4.4463321027267224*^-17, 4.4727362420225475*^-17, 4.5016284212294745*^-17, 4.532620573934951*^-17, 4.565281448821362*^-17, 4.599139568427129*^-17, 4.633687691231337*^-17, 4.668388513107998*^-17, 4.7026821516991134*^-17, 4.73599516564774*^-17, 4.767751160474855*^-17, 4.7973827480226284*^-17, 4.8243445630215595*^-17, 4.8481268944253664*^-17, 4.868269375077993*^-17, 4.884374195292786*^-17, 4.896117989701075*^-17, 4.903262019755567*^-17, 4.905659824981404*^-17}","{4.903262018627792*^-17, 4.8961179922706023*^-17, 4.884374193509714*^-17, 4.868269373068725*^-17, 4.84812688821922*^-17, 4.824344566254755*^-17, 4.7973827491822835*^-17, 4.767751160805575*^-17, 4.7359951698045437*^-17, 4.702682154031637*^-17, 4.668388514508009*^-17, 4.633687692913701*^-17, 4.599139569886374*^-17, 4.5652814424377416*^-17, 4.5326205792543684*^-17, 4.50162842694987*^-17, 4.4727362409419954*^-17, 4.446332102280996*^-17, 4.422758979412453*^-17, 4.4023136911577706*^-17, 4.385246523578378*^-17, 4.371761085659643*^-17, 4.3620136107404696*^-17, 4.356139443934187*^-17, 4.3542021204665194*^-17, 4.356139441634243*^-17, 4.362013609588999*^-17, 4.3717610842494064*^-17, 4.3852465227509913*^-17, 4.4023136941097177*^-17, 4.4227589764589185*^-17, 4.446332104901612*^-17, 4.472736240120969*^-17, 4.501628424373223*^-17, 4.5326205824655845*^-17, 4.5652814453004685*^-17, 4.5991395729958367*^-17, 4.633687692215845*^-17, 4.668388514359427*^-17, 4.702682155567293*^-17, 4.735995169681708*^-17, 4.767751162699729*^-17, 4.797382751697951*^-17, 4.8243445611207696*^-17, 4.848126891241593*^-17, 4.868269376738338*^-17, 4.884374188999707*^-17, 4.8961179898231515*^-17, 4.9032620193424505*^-17, 4.905659821721574*^-17, 4.903262024760002*^-17, 4.896117990023818*^-17, 4.8843741953773025*^-17, 4.8682693735269346*^-17, 4.8481268882265763*^-17, 4.8243445629953693*^-17, 4.797382749352204*^-17, 4.7677511636137623*^-17, 4.735995166211361*^-17, 4.7026821514445184*^-17, 4.668388514077804*^-17, 4.6336876943580165*^-17, 4.599139568266852*^-17, 4.565281442315922*^-17, 4.5326205763608464*^-17, 4.501628425311258*^-17, 4.472736240946837*^-17, 4.4463321037989224*^-17, 4.4227589773515836*^-17, 4.40231369104098*^-17, 4.385246525432734*^-17, 4.371761089175606*^-17, 4.362013613238368*^-17, 4.356139443110715*^-17, 4.3542021166883884*^-17, 4.3561394407276054*^-17, 4.362013610973982*^-17, 4.371761091342262*^-17, 4.385246525422804*^-17, 4.402313688846507*^-17, 4.422758975118506*^-17, 4.446332102725904*^-17, 4.4727362420225574*^-17, 4.501628421231151*^-17, 4.5326205739341623*^-17, 4.56528144882148*^-17, 4.599139568426074*^-17, 4.6336876912310015*^-17, 4.66838851310715*^-17, 4.702682151698206*^-17, 4.735995165647424*^-17, 4.767751160474737*^-17, 4.797382748021179*^-17, 4.824344563020948*^-17, 4.848126894425524*^-17, 4.8682693750766913*^-17, 4.8843741952916913*^-17, 4.896117989701519*^-17, 4.90326201975605*^-17, 4.905659824981769*^-17}"
4,"{10.053829172402017, 10.208547704005493, 10.361919668877098, 10.51327242290767, 10.661948928624106, 10.807312510659496, 10.948751135805226, 11.085681136618875, 11.217550320695722, 11.343840432241036, 11.464068957186768, 11.577790286564985, 11.684596274141748, 11.78411624262273, 11.87601650751463, 11.959999498674854, 12.035802566653755, 12.10319656428086, 12.161984293875658, 12.211998907386741, 12.253102341147736, 12.285183859262995, 12.308158770355769, 12.321967371932653, 12.326574165284505, 12.321967371932653, 12.308158770355769, 12.285183859262995, 12.253102341147736, 12.211998907386741, 12.161984293875657, 12.103196564280859, 12.035802566653754, 11.959999498674854, 11.876016507514628, 11.784116242622728, 11.684596274141748, 11.577790286564984, 11.464068957186768, 11.343840432241036, 11.217550320695723, 11.085681136618874, 10.948751135805228, 10.807312510659495, 10.661948928624106, 10.513272422907669, 10.361919668877098, 10.208547704005491, 10.053829172402017, 9.89844719536649, 9.743089985884932, 9.58844533648893, 9.435195115707748, 9.284009908070741, 9.135543926283741, 8.9904303122113, 8.84927692640582, 8.71266270517786, 8.581134640837623, 8.455205416084098, 8.33535169889146, 8.22201308084993, 8.11559162078515, 8.01645193739683, 7.924921780153952, 7.841292997030767, 7.765822810897324, 7.698735313321604, 7.6402230848764825, 7.590448854350674, 7.549547115064065, 7.51762562430244, 7.494766721258542, 7.481028409392635, 7.476445160466705, 7.481028409392635, 7.494766721258542, 7.51762562430244, 7.549547115064066, 7.590448854350674, 7.640223084876484, 7.698735313321604, 7.765822810897324, 7.8412929970307665, 7.9249217801539515, 8.01645193739683, 8.11559162078515, 8.22201308084993, 8.33535169889146, 8.455205416084098, 8.581134640837625, 8.71266270517786, 8.84927692640582, 8.9904303122113, 9.135543926283743, 9.284009908070743, 9.435195115707748, 9.58844533648893, 9.743089985884932, 9.89844719536649}","{9.74308998588499, 9.588445336488988, 9.435195115707806, 9.2840099080708, 9.1355439262838, 8.990430312211359, 8.849276926405878, 8.712662705177918, 8.581134640837684, 8.455205416084157, 8.33535169889152, 8.222013080849987, 8.115591620785207, 8.016451937396885, 7.924921780154009, 7.841292997030824, 7.76582281089738, 7.698735313321659, 7.64022308487654, 7.59044885435073, 7.549547115064121, 7.517625624302495, 7.494766721258598, 7.4810284093926915, 7.476445160466759, 7.4810284093926915, 7.494766721258597, 7.517625624302495, 7.549547115064121, 7.59044885435073, 7.640223084876541, 7.698735313321661, 7.765822810897382, 7.841292997030825, 7.92492178015401, 8.016451937396887, 8.115591620785207, 8.222013080849987, 8.33535169889152, 8.455205416084157, 8.581134640837684, 8.71266270517792, 8.849276926405878, 8.99043031221136, 9.1355439262838, 9.2840099080708, 9.435195115707806, 9.58844533648899, 9.74308998588499, 9.898447195366549, 10.053829172402075, 10.208547704005552, 10.361919668877157, 10.513272422907729, 10.661948928624165, 10.807312510659555, 10.948751135805287, 11.085681136618934, 11.217550320695782, 11.343840432241093, 11.464068957186829, 11.577790286565042, 11.684596274141805, 11.784116242622787, 11.876016507514686, 11.959999498674911, 12.035802566653812, 12.103196564280916, 12.161984293875715, 12.211998907386798, 12.253102341147791, 12.28518385926305, 12.308158770355824, 12.32196737193271, 12.32657416528456, 12.32196737193271, 12.308158770355826, 12.28518385926305, 12.253102341147793, 12.211998907386798, 12.161984293875713, 12.103196564280916, 12.035802566653812, 11.959999498674911, 11.876016507514686, 11.784116242622787, 11.684596274141805, 11.577790286565042, 11.464068957186829, 11.343840432241093, 11.217550320695782, 11.085681136618934, 10.948751135805285, 10.807312510659553, 10.661948928624165, 10.513272422907725, 10.361919668877157, 10.208547704005552, 10.053829172402075, 9.898447195366549}","{6.29951389276757*^-16, 6.297213846785597*^-16, 6.293423395329325*^-16, 6.288206820203963*^-16, 6.281652253384854*^-16, 6.273869580368501*^-16, 6.264988840930384*^-16, 6.255156980650275*^-16, 6.244536460387818*^-16, 6.233300217561604*^-16, 6.221630551965945*^-16, 6.209715059476768*^-16, 6.197742490036713*^-16, 6.185901614770028*^-16, 6.174377288090414*^-16, 6.163349022301242*^-16, 6.152989629552139*^-16, 6.143459219352116*^-16, 6.134899158391118*^-16, 6.12742798970311*^-16, 6.121148671907112*^-16, 6.116156552601382*^-16, 6.112534139433737*^-16, 6.110339802917682*^-16, 6.109604989452589*^-16, 6.110339802975742*^-16, 6.112534139466048*^-16, 6.116156552593556*^-16, 6.121148657479414*^-16, 6.127427990761572*^-16, 6.134899158389793*^-16, 6.14345933185359*^-16, 6.152989494869033*^-16, 6.163349022293416*^-16, 6.174377237068531*^-16, 6.185901647606332*^-16, 6.197742490072622*^-16, 6.209715059533692*^-16, 6.221630551612914*^-16, 6.233300217600479*^-16, 6.244536512944003*^-16, 6.255157113072379*^-16, 6.264988840996332*^-16, 6.273869562272915*^-16, 6.281652253370213*^-16, 6.288206805758406*^-16, 6.293423395471194*^-16, 6.297213687043788*^-16, 6.299513892701053*^-16, 6.300285239563717*^-16, 6.299514030973729*^-16, 6.297213812417957*^-16, 6.293423062746135*^-16, 6.288206740357671*^-16, 6.281652014601454*^-16, 6.273869421291923*^-16, 6.264988614549707*^-16, 6.255157156030904*^-16, 6.244536438034403*^-16, 6.233300289740105*^-16, 6.221630680280356*^-16, 6.209714961843934*^-16, 6.197742560584859*^-16, 6.185901708783442*^-16, 6.174377207619975*^-16, 6.163349130155378*^-16, 6.152989633821517*^-16, 6.143459024642628*^-16, 6.134899260950419*^-16, 6.127427828774286*^-16, 6.121148576684659*^-16, 6.116156470781171*^-16, 6.112534129589952*^-16, 6.110339611916723*^-16, 6.109604933261459*^-16, 6.110339611870906*^-16, 6.112534129501031*^-16, 6.11615647025825*^-16, 6.121148675649595*^-16, 6.127427825617075*^-16, 6.134899096683452*^-16, 6.14345902474335*^-16, 6.152989633795327*^-16, 6.163349076725765*^-16, 6.174377207944481*^-16, 6.185901708841691*^-16, 6.197742558596551*^-16, 6.209714961774136*^-16, 6.221630680325163*^-16, 6.233300289701356*^-16, 6.244536433249614*^-16, 6.255156933791495*^-16, 6.264988679000716*^-16, 6.273869519708505*^-16, 6.281652198793975*^-16, 6.288206855920745*^-16, 6.2934230627788255*^-16, 6.297213812821223*^-16, 6.29951404027036*^-16, 6.300285239331035*^-16}","{6.299513892768327*^-16, 6.297213846785282*^-16, 6.293423395329388*^-16, 6.288206820204216*^-16, 6.2816522533845385*^-16, 6.273869580369321*^-16, 6.264988840929879*^-16, 6.255156980650653*^-16, 6.244536460388575*^-16, 6.233300217561288*^-16, 6.221630551965377*^-16, 6.209715059476957*^-16, 6.197742490036271*^-16, 6.185901614768892*^-16, 6.174377288089782*^-16, 6.163349022301494*^-16, 6.152989629551887*^-16, 6.143459219351548*^-16, 6.134899158391497*^-16, 6.127427989703804*^-16, 6.12114867190768*^-16, 6.116156552600246*^-16, 6.112534139433926*^-16, 6.110339802917808*^-16, 6.109604989451643*^-16, 6.1103398029761835*^-16, 6.112534139466553*^-16, 6.116156552592168*^-16, 6.121148657479856*^-16, 6.127427990761635*^-16, 6.134899158388972*^-16, 6.143459331852832*^-16, 6.152989494868844*^-16, 6.163349022293543*^-16, 6.174377237067711*^-16, 6.185901647605385*^-16, 6.197742490071423*^-16, 6.209715059534071*^-16, 6.221630551612787*^-16, 6.23330021759909*^-16, 6.244536512944255*^-16, 6.255157113072064*^-16, 6.264988840995512*^-16, 6.273869562272789*^-16, 6.281652253370718*^-16, 6.288206805758974*^-16, 6.293423395470058*^-16, 6.29721368704341*^-16, 6.299513892702189*^-16, 6.300285239563843*^-16, 6.299514030973539*^-16, 6.297213812417705*^-16, 6.29342306274563*^-16, 6.288206740357419*^-16, 6.28165201460177*^-16, 6.273869421291607*^-16, 6.26498861454794*^-16, 6.255157156029516*^-16, 6.244536438032762*^-16, 6.233300289740168*^-16, 6.221630680280356*^-16, 6.209714961842861*^-16, 6.197742560584039*^-16, 6.185901708783063*^-16, 6.174377207619281*^-16, 6.163349130153926*^-16, 6.15298963382076*^-16, 6.143459024642628*^-16, 6.13489926094941*^-16, 6.127427828773339*^-16, 6.121148576683018*^-16, 6.116156470779845*^-16, 6.112534129589447*^-16, 6.110339611916407*^-16, 6.109604933259629*^-16, 6.110339611870527*^-16, 6.112534129499895*^-16, 6.116156470257051*^-16, 6.121148675648711*^-16, 6.12742782561493*^-16, 6.134899096682*^-16, 6.143459024742592*^-16, 6.152989633794696*^-16, 6.163349076723493*^-16, 6.17437720794467*^-16, 6.185901708840114*^-16, 6.197742558595604*^-16, 6.209714961772432*^-16, 6.221630680323901*^-16, 6.233300289700535*^-16, 6.244536433248226*^-16, 6.255156933790107*^-16, 6.264988678999265*^-16, 6.273869519708505*^-16, 6.281652198791893*^-16, 6.288206855919988*^-16, 6.293423062777437*^-16, 6.297213812819203*^-16, 6.29951404027017*^-16, 6.300285239329836*^-16}"
8,"{9.977314630268928, 10.054706421301402, 10.131473719476514, 10.207305012740886, 10.281893373631524, 10.354937939219116, 10.426145323502647, 10.495230948725478, 10.561920284385977, 10.62594998526612, 10.687068922498199, 10.745039104429607, 10.79963648672806, 10.850651673700261, 10.897890515092199, 10.941174604628499, 10.980341688175777, 11.015245990641544, 11.045758471522904, 11.071767019390483, 11.093176595540791, 11.109909336594843, 11.121904624995045, 11.129119135198007, 11.131526861927725, 11.129119135198005, 11.121904624995045, 11.109909336594841, 11.093176595540793, 11.071767019390483, 11.045758471522902, 11.015245990641546, 10.980341688175777, 10.9411746046285, 10.897890515092199, 10.85065167370026, 10.79963648672806, 10.745039104429607, 10.687068922498199, 10.62594998526612, 10.561920284385977, 10.495230948725478, 10.426145323502647, 10.354937939219116, 10.281893373631524, 10.207305012740884, 10.131473719476512, 10.0547064213014, 9.977314630268928, 9.899612911023333, 9.821917313776533, 9.744543790347171, 9.667806611868679, 9.59201680673929, 9.517480636799249, 9.444498128603575, 9.373361675059723, 9.304354720684884, 9.237750541390277, 9.173811127113947, 9.11278617290083, 9.054912181272291, 9.000411676037738, 8.949492525171653, 8.902347368093654, 8.85915314071614, 8.820070690018612, 8.785244468707528, 8.754802299747642, 8.728855200211434, 8.707497253978556, 8.6908055233059, 8.67883999014787, 8.67164351929325, 8.669241836849698, 8.671643519293248, 8.67883999014787, 8.6908055233059, 8.707497253978556, 8.728855200211433, 8.754802299747642, 8.785244468707528, 8.82007069001861, 8.85915314071614, 8.902347368093654, 8.949492525171653, 9.000411676037738, 9.054912181272291, 9.11278617290083, 9.173811127113947, 9.237750541390277, 9.304354720684884, 9.373361675059723, 9.444498128603577, 9.51748063679925, 9.592016806739291, 9.667806611868679, 9.744543790347171, 9.821917313776533, 9.899612911023333}","{9.821917313776432, 9.744543790347068, 9.667806611868578, 9.592016806739188, 9.51748063679915, 9.444498128603474, 9.373361675059622, 9.304354720684781, 9.237750541390174, 9.173811127113845, 9.112786172900726, 9.05491218127219, 9.000411676037636, 8.949492525171554, 8.902347368093553, 8.859153140716037, 8.820070690018511, 8.785244468707427, 8.75480229974754, 8.728855200211333, 8.707497253978456, 8.690805523305798, 8.678839990147768, 8.671643519293148, 8.669241836849599, 8.671643519293148, 8.678839990147768, 8.6908055233058, 8.707497253978454, 8.728855200211333, 8.754802299747542, 8.785244468707427, 8.820070690018511, 8.859153140716037, 8.902347368093553, 8.949492525171554, 9.000411676037636, 9.054912181272188, 9.112786172900726, 9.173811127113844, 9.237750541390174, 9.304354720684781, 9.373361675059622, 9.444498128603474, 9.51748063679915, 9.592016806739188, 9.66780661186858, 9.744543790347072, 9.821917313776432, 9.899612911023231, 9.977314630268827, 10.054706421301299, 10.131473719476412, 10.207305012740783, 10.281893373631425, 10.354937939219015, 10.426145323502544, 10.495230948725375, 10.561920284385874, 10.625949985266017, 10.687068922498097, 10.745039104429505, 10.799636486727957, 10.85065167370016, 10.897890515092097, 10.941174604628396, 10.980341688175676, 11.015245990641443, 11.045758471522802, 11.071767019390382, 11.093176595540692, 11.109909336594741, 11.121904624994944, 11.129119135197904, 11.131526861927625, 11.129119135197906, 11.121904624994944, 11.109909336594741, 11.093176595540692, 11.071767019390382, 11.045758471522802, 11.015245990641443, 10.980341688175676, 10.941174604628397, 10.897890515092095, 10.85065167370016, 10.799636486727959, 10.745039104429505, 10.687068922498097, 10.625949985266017, 10.561920284385874, 10.495230948725375, 10.426145323502544, 10.354937939219013, 10.281893373631423, 10.20730501274078, 10.131473719476412, 10.054706421301299, 9.977314630268827, 9.899612911023231}","{9.658609648212552*^-14, 9.657754040217426*^-14, 9.656343469482588*^-14, 9.654400405539694*^-14, 9.651956104695005*^-14, 9.649049739751694*^-14, 9.64572782331665*^-14, 9.642043322637334*^-14, 9.638055021443239*^-14, 9.633826479809089*^-14, 9.629424744600374*^-14, 9.624919541518794*^-14, 9.620382100533653*^-14, 9.615883878302862*^-14, 9.61149565557308*^-14, 9.607286454065543*^-14, 9.603322079098373*^-14, 9.599664634287546*^-14, 9.596371528926842*^-14, 9.593493946376514*^-14, 9.591076844338497*^-14, 9.589157522035398*^-14, 9.587765263725944*^-14, 9.586921547368969*^-14, 9.586638852117911*^-14, 9.5869215636969*^-14, 9.587765286323646*^-14, 9.589157535044428*^-14, 9.591076827331696*^-14, 9.593493951727339*^-14, 9.596371520037316*^-14, 9.599664636043204*^-14, 9.603322074330372*^-14, 9.607286462955553*^-14, 9.611495655342131*^-14, 9.615883961322473*^-14, 9.620382102968666*^-14, 9.624919543643453*^-14, 9.629424756254654*^-14, 9.633826476415225*^-14, 9.638055020649582*^-14, 9.642043301277172*^-14, 9.645727816336749*^-14, 9.649049742045504*^-14, 9.651956111722405*^-14, 9.654400395546157*^-14, 9.656343464126997*^-14, 9.657754077629981*^-14, 9.658609656923879*^-14, 9.65889629410148*^-14, 9.658609605095278*^-14, 9.657754109007672*^-14, 9.656343459404798*^-14, 9.654400451992428*^-14, 9.651956161510923*^-14, 9.649049750987214*^-14, 9.645727845363195*^-14, 9.64204333437611*^-14, 9.638055062462027*^-14, 9.633826506900869*^-14, 9.629424787484196*^-14, 9.624919602239344*^-14, 9.6203821630118*^-14, 9.61588395157507*^-14, 9.611495712401357*^-14, 9.607286471082199*^-14, 9.60332207209965*^-14, 9.59966467152594*^-14, 9.596371515724668*^-14, 9.59349400807191*^-14, 9.591076882792621*^-14, 9.589157471261291*^-14, 9.587765294012549*^-14, 9.586921571282809*^-14, 9.586638855575106*^-14, 9.586921574232629*^-14, 9.587765288683373*^-14, 9.589157469222662*^-14, 9.591076871204661*^-14, 9.593494013568299*^-14, 9.596371504873577*^-14, 9.599664675127165*^-14, 9.603322071901579*^-14, 9.607286492148648*^-14, 9.61149571876572*^-14, 9.615883951178605*^-14, 9.620382163136847*^-14, 9.624919622328685*^-14, 9.629424786465407*^-14, 9.633826506120702*^-14, 9.638055062676577*^-14, 9.642043322293456*^-14, 9.64572783908155*^-14, 9.649049771106282*^-14, 9.651956150061014*^-14, 9.654400453234492*^-14, 9.656343465468015*^-14, 9.657754105318559*^-14, 9.658609629743806*^-14, 9.658896290755357*^-14}","{9.658609648209483*^-14, 9.657754040216052*^-14, 9.656343469473137*^-14, 9.654400405539129*^-14, 9.651956104689269*^-14, 9.649049739747089*^-14, 9.645727823312289*^-14, 9.642043322627721*^-14, 9.6380550214392*^-14, 9.633826479803919*^-14, 9.629424744596254*^-14, 9.624919541516774*^-14, 9.62038210053018*^-14, 9.615883878298823*^-14, 9.611495655572837*^-14, 9.607286454063039*^-14, 9.603322079089407*^-14, 9.599664634285607*^-14, 9.596371528927731*^-14, 9.593493946370133*^-14, 9.591076844330338*^-14, 9.589157522031601*^-14, 9.587765263724086*^-14, 9.58692154736396*^-14, 9.586638852112499*^-14, 9.5869215636927*^-14, 9.587765286316538*^-14, 9.589157535037805*^-14, 9.59107682732386*^-14, 9.593493951726289*^-14, 9.596371520031016*^-14, 9.599664636040862*^-14, 9.603322074320517*^-14, 9.607286462948687*^-14, 9.6114956553389*^-14, 9.615883961322634*^-14, 9.620382102961154*^-14, 9.624919543636344*^-14, 9.62942475625215*^-14, 9.633826476409732*^-14, 9.638055020645624*^-14, 9.642043301273375*^-14, 9.645727816329802*^-14, 9.649049742036942*^-14, 9.651956111715619*^-14, 9.654400395544622*^-14, 9.656343464125139*^-14, 9.65775407762465*^-14, 9.658609656919759*^-14, 9.658896294098976*^-14, 9.658609605090755*^-14, 9.657754109004118*^-14, 9.656343459404798*^-14, 9.65440045198435*^-14, 9.651956161507853*^-14, 9.649049750980913*^-14, 9.645727845358187*^-14, 9.642043334366254*^-14, 9.638055062458069*^-14, 9.633826506895134*^-14, 9.629424787475956*^-14, 9.624919602230458*^-14, 9.620382163006631*^-14, 9.615883951572647*^-14, 9.611495712389563*^-14, 9.607286471078564*^-14, 9.60332207209246*^-14, 9.599664671526506*^-14, 9.596371515720872*^-14, 9.593494008070213*^-14, 9.59107688278527*^-14, 9.589157471260564*^-14, 9.58776529401271*^-14, 9.586921571277477*^-14, 9.586638855569129*^-14, 9.586921574223339*^-14, 9.587765288680546*^-14, 9.589157469217573*^-14, 9.591076871200541*^-14, 9.593494013566118*^-14, 9.596371504870508*^-14, 9.599664675126034*^-14, 9.603322071892612*^-14, 9.607286492145982*^-14, 9.611495718756915*^-14, 9.615883951174*^-14, 9.620382163128365*^-14, 9.624919622322707*^-14, 9.629424786458056*^-14, 9.633826506115048*^-14, 9.638055062676658*^-14, 9.642043322289417*^-14, 9.64572783907226*^-14, 9.649049771103131*^-14, 9.651956150053987*^-14, 9.654400453227545*^-14, 9.656343465465026*^-14, 9.657754105312824*^-14, 9.658609629740414*^-14, 9.658896290749944*^-14}"
16,"{9.938755118256458, 9.977453955830935, 10.015845927588531, 10.053778426396793, 10.091100760481568, 10.127664782068384, 10.163325500817402, 10.197941678632862, 10.231376402728566, 10.26349763417062, 10.294178729486484, 10.323298933314128, 10.35074384045464, 10.376405826075198, 10.400184443175188, 10.421986786767473, 10.441727824530016, 10.45933069394402, 10.474726966147628, 10.487856876896327, 10.498669525130774, 10.507123039710773, 10.51318471488294, 10.516831115013593, 10.518048149043416, 10.516831115013593, 10.51318471488294, 10.507123039710773, 10.498669525130774, 10.487856876896327, 10.474726966147628, 10.45933069394402, 10.441727824530016, 10.421986786767473, 10.40018444317519, 10.376405826075196, 10.350743840454639, 10.323298933314128, 10.294178729486484, 10.26349763417062, 10.231376402728566, 10.197941678632862, 10.163325500817404, 10.127664782068386, 10.091100760481567, 10.053778426396793, 10.015845927588531, 9.977453955830935, 9.938755118256458, 9.899903297179064, 9.861053002247937, 9.82235871892898, 9.783974257374958, 9.74605210573851, 9.708742791905731, 9.672194257483936, 9.636551247670345, 9.601954720365384, 9.56854127758359, 9.536442621866719, 9.505785040028368, 9.47668891616886, 9.449268275505204, 9.42363036017481, 9.39987523780449, 9.378095443297669, 9.358375653991308, 9.340792398076635, 9.3254137959694, 9.312299334159178, 9.301499670964605, 9.29305647357123, 9.287002285728464, 9.283360425527446, 9.282144912766437, 9.283360425527444, 9.287002285728464, 9.29305647357123, 9.301499670964605, 9.312299334159178, 9.3254137959694, 9.340792398076635, 9.358375653991306, 9.378095443297669, 9.39987523780449, 9.42363036017481, 9.449268275505203, 9.47668891616886, 9.505785040028368, 9.536442621866719, 9.56854127758359, 9.601954720365386, 9.636551247670345, 9.672194257483936, 9.708742791905731, 9.74605210573851, 9.783974257374958, 9.82235871892898, 9.861053002247937, 9.899903297179064}","{9.861053002248175, 9.822358718929218, 9.783974257375197, 9.746052105738746, 9.70874279190597, 9.672194257484174, 9.636551247670587, 9.601954720365622, 9.568541277583828, 9.536442621866955, 9.505785040028606, 9.476688916169099, 9.449268275505442, 9.423630360175048, 9.39987523780473, 9.378095443297907, 9.358375653991544, 9.340792398076871, 9.325413795969638, 9.312299334159414, 9.301499670964843, 9.293056473571468, 9.287002285728702, 9.283360425527682, 9.282144912766674, 9.283360425527682, 9.287002285728702, 9.293056473571468, 9.301499670964843, 9.312299334159414, 9.325413795969638, 9.340792398076873, 9.358375653991546, 9.378095443297909, 9.399875237804729, 9.42363036017505, 9.449268275505444, 9.476688916169099, 9.505785040028606, 9.536442621866955, 9.568541277583828, 9.601954720365624, 9.636551247670585, 9.672194257484174, 9.70874279190597, 9.746052105738748, 9.783974257375197, 9.822358718929218, 9.861053002248175, 9.899903297179304, 9.938755118256696, 9.977453955831175, 10.01584592758877, 10.053778426397031, 10.091100760481806, 10.127664782068624, 10.163325500817644, 10.197941678633102, 10.231376402728804, 10.263497634170855, 10.294178729486724, 10.323298933314366, 10.350743840454879, 10.376405826075436, 10.400184443175428, 10.421986786767713, 10.441727824530254, 10.459330693944258, 10.474726966147866, 10.487856876896565, 10.498669525131012, 10.507123039711011, 10.513184714883176, 10.51683111501383, 10.518048149043652, 10.51683111501383, 10.513184714883176, 10.507123039711011, 10.498669525131012, 10.487856876896565, 10.474726966147866, 10.459330693944258, 10.441727824530254, 10.421986786767713, 10.400184443175428, 10.376405826075436, 10.35074384045488, 10.323298933314367, 10.294178729486724, 10.263497634170855, 10.231376402728804, 10.1979416786331, 10.163325500817644, 10.127664782068624, 10.091100760481806, 10.053778426397031, 10.015845927588769, 9.977453955831175, 9.938755118256696, 9.899903297179304}","{-5.937050456473756*^-16, -5.93691537926181*^-16, -5.936692630185472*^-16, -5.936385737679596*^-16, -5.935999563161608*^-16, -5.935540220825056*^-16, -5.935014982044433*^-16, -5.934432156952892*^-16, -5.933800963104733*^-16, -5.933131377471209*^-16, -5.932433978590097*^-16, -5.931719777898016*^-16, -5.93100004545957*^-16, -5.930286132005755*^-16, -5.929589289239522*^-16, -5.928920493949962*^-16, -5.9282902748119*^-16, -5.927708547718309*^-16, -5.927184461052377*^-16, -5.926726252985221*^-16, -5.926341123010958*^-16, -5.92603512022949*^-16, -5.92581304966529*^-16, -5.92567839756102*^-16, -5.92563327749378*^-16, -5.925678397568972*^-16, -5.92581304971237*^-16, -5.926035120280734*^-16, -5.926341123002123*^-16, -5.926726253015765*^-16, -5.92718446119778*^-16, -5.927708547782554*^-16, -5.928290274842192*^-16, -5.928920493997168*^-16, -5.929589289291776*^-16, -5.930286131939743*^-16, -5.93100004552432*^-16, -5.931719777910512*^-16, -5.932433978579748*^-16, -5.933131377478151*^-16, -5.933800963111675*^-16, -5.934432156955543*^-16, -5.935014982120669*^-16, -5.935540220939536*^-16, -5.93599956310014*^-16, -5.936385737807581*^-16, -5.936692630172851*^-16, -5.9369153793900475*^-16, -5.937050456511747*^-16, -5.937095721202309*^-16, -5.937050456532321*^-16, -5.936915379271655*^-16, -5.936692630199735*^-16, -5.936385737834844*^-16, -5.93599956301305*^-16, -5.93554022103117*^-16, -5.9350149821006*^-16, -5.934432157027487*^-16, -5.933800963058663*^-16, -5.933131377480045*^-16, -5.932433978637808*^-16, -5.931719777909881*^-16, -5.931000045520155*^-16, -5.93028613200992*^-16, -5.929589289309951*^-16, -5.9289204939303985*^-16, -5.928290274826667*^-16, -5.9277085477953015*^-16, -5.927184461130001*^-16, -5.926726253042019*^-16, -5.926341122984074*^-16, -5.926035120214217*^-16, -5.9258130497795175*^-16, -5.925678397672849*^-16, -5.925633277459575*^-16, -5.925678397576545*^-16, -5.925813049666553*^-16, -5.926035120261296*^-16, -5.926341122935985*^-16, -5.926726253030407*^-16, -5.92718446115739*^-16, -5.927708547736232*^-16, -5.9282902748527945*^-16, -5.928920493941253*^-16, -5.929589289265775*^-16, -5.930286131985055*^-16, -5.931000045470172*^-16, -5.931719777913794*^-16, -5.932433978627079*^-16, -5.933131377457956*^-16, -5.933800963055129*^-16, -5.934432156938882*^-16, -5.935014982041783*^-16, -5.93554022098043*^-16, -5.935999563044604*^-16, -5.936385737813134*^-16, -5.936692630108353*^-16, -5.936915379304851*^-16, -5.937050456484737*^-16, -5.937095721233233*^-16}","{-5.937050456474766*^-16, -5.936915379262315*^-16, -5.936692630185977*^-16, -5.936385737680479*^-16, -5.935999563162996*^-16, -5.935540220825561*^-16, -5.935014982046327*^-16, -5.934432156954533*^-16, -5.933800963106373*^-16, -5.933131377472724*^-16, -5.932433978591612*^-16, -5.931719777898143*^-16, -5.931000045460201*^-16, -5.930286132006512*^-16, -5.929589289240658*^-16, -5.928920493951351*^-16, -5.928290274812657*^-16, -5.927708547720581*^-16, -5.927184461054523*^-16, -5.926726252986988*^-16, -5.926341123011589*^-16, -5.926035120231761*^-16, -5.925813049667184*^-16, -5.925678397562535*^-16, -5.925633277495294*^-16, -5.925678397571118*^-16, -5.92581304971502*^-16, -5.926035120282375*^-16, -5.926341123002501*^-16, -5.92672625301728*^-16, -5.927184461198663*^-16, -5.927708547784699*^-16, -5.928290274844464*^-16, -5.928920493999061*^-16, -5.929589289293417*^-16, -5.930286131940753*^-16, -5.93100004552533*^-16, -5.931719777910512*^-16, -5.932433978581515*^-16, -5.93313137747954*^-16, -5.933800963113063*^-16, -5.934432156956174*^-16, -5.935014982121552*^-16, -5.935540220939915*^-16, -5.93599956310216*^-16, -5.936385737809221*^-16, -5.936692630173734*^-16, -5.936915379391057*^-16, -5.937050456513893*^-16, -5.937095721202688*^-16, -5.937050456534719*^-16, -5.93691537927216*^-16, -5.936692630201376*^-16, -5.936385737836358*^-16, -5.935999563013555*^-16, -5.935540221031801*^-16, -5.935014982100979*^-16, -5.934432157029506*^-16, -5.933800963059925*^-16, -5.933131377481559*^-16, -5.932433978638944*^-16, -5.931719777911143*^-16, -5.931000045520533*^-16, -5.930286132011056*^-16, -5.929589289310709*^-16, -5.928920493931661*^-16, -5.928290274827677*^-16, -5.927708547795933*^-16, -5.927184461129875*^-16, -5.926726253042524*^-16, -5.92634112298521*^-16, -5.926035120215732*^-16, -5.925813049779644*^-16, -5.925678397671335*^-16, -5.925633277458312*^-16, -5.925678397575914*^-16, -5.925813049666048*^-16, -5.926035120262054*^-16, -5.92634112293548*^-16, -5.926726253030154*^-16, -5.927184461157895*^-16, -5.92770854773661*^-16, -5.928290274852416*^-16, -5.928920493941379*^-16, -5.929589289266406*^-16, -5.930286131984803*^-16, -5.931000045470046*^-16, -5.931719777913289*^-16, -5.932433978626701*^-16, -5.933131377457578*^-16, -5.933800963054877*^-16, -5.934432156939261*^-16, -5.935014982041025*^-16, -5.935540220980178*^-16, -5.935999563044604*^-16, -5.936385737812503*^-16, -5.93669263010848*^-16, -5.936915379304724*^-16, -5.937050456483727*^-16, -5.937095721232223*^-16}"